646.8 -2.9 100 2.5 0 0
647 -2.6 100 2.1 0 0
647.4 0.8 100 1.9 0 0.1
647.9 0.8 100 1.5 0 0.1
648 0.1 100 2.5 0 0
647.1 2.5 100 1.6 0 0
646.6 3 100 4.3 0 0.1
646 4 100 1.3 0 0.2
645.6 6 100 1.6 0 0.2
645.8 4.3 100 2.9 0 0.4
645.9 3.1 100 1.5 0 0.6
645.8 0.4 100 1.9 0 0.3
646.3 -2.5 100 3.5 0 0
646.5 -2.2 100 4.6 0 0
644.1 -3.5 100 2.1 0 0
644.3 -3.6 100 2.5 0 0
644.3 -3.6 100 1.8 0 0
644.7 -1.8 100 1.9 0 0
644.6 -1.7 100 2.2 0 0.1
644.4 -0.4 100 1.9 0 0.1
643.9 1.9 100 2.4 0 0.3
643.4 -0.3 100 3.5 0 0.2
643 -1.3 100 4.3 0 0.1
643 -0.2 97 4.6 0 0.6
642.9 -3 86 5.6 0 1
643.1 -5.8 70 3.6 0 1
643.3 -7.1 26 3.8 0 0.3
643.3 -8 25 1.2 0 0
643.7 -5.8 14 3.6 0 0
644.2 -2.1 14 2.8 0 0.7
645 5 14 1.6 0 1
645.2 7.2 15 0.9 0 1
645.2 8.8 16 0.6 0 1
644.7 13 15 0.8 0 1
644.3 13.2 15 1.1 0 1
643.7 12.3 15 0.8 0 1
643.2 9.9 15 1.3 0 1
643 5.6 16 4.1 0 1
643 2.1 17 1.8 0 1
643 -2.1 15 1.8 0 1
643.5 -3.7 14 1.2 0 0.1
643.8 -3 13 2.2 0 0
644.4 0.5 12 5.1 0 0
644.4 2.8 14 3.5 0 0.7
644.8 9.8 14 1.6 0 1
645.2 9.5 18 2.7 0 1
645.2 13.5 15 1.1 0 1
644.9 13.1 16 0.9 0 1
644.7 17.5 14 0.7 0 1
644.1 15.8 16 0.7 0 0.9
643.8 15.1 15 0.6 0 1
643.9 11.1 16 1.5 0 1
643.7 4.1 16 3.3 0 1
644.2 0.4 19 3 0 1
644.4 -1.5 19 2.3 0 0.2
644.6 -1.1 28 5.2 0 0
643.8 -2.2 76 1.5 0 0
644.2 2.6 74 0.5 0 0.8
644.9 4.6 73 0.4 0 1
645.2 4.8 76 1.1 0 1
645.1 7.8 61 0.7 0 1
644.8 13.3 41 1.1 0 1
644.6 12.9 44 1.4 0 1
644.1 13 43 1.3 0 1
643.4 11.7 44 1.6 0 1
643.6 10 49 0.9 0 1
643.9 3.9 76 0.7 0 0.4
644 0.6 90 1.6 0 0.1
644 -1.9 98 3.6 0 0
644.4 -1.8 100 2.5 0 0
643.6 -3.6 40 6.1 0 0
644 0.5 37 0.8 0 0.5
644.5 5 58 0.9 0 1
644.6 6.1 59 0.7 0 1
644.5 7.6 56 0.9 0 1
644 9.6 50 1.6 0 1
643.4 9.6 45 1.9 0 1
642.9 9.7 40 2.4 0 1
642.5 8.7 39 3 0 1
642.2 7.1 48 1.2 0 1
641.9 4.5 29 1.5 0 1
642.4 -0.9 31 3.3 0 1
642.7 -4.1 23 4.4 0 0.2
642.9 -3.4 20 4 0 0
642.9 -2.4 13 10 0 0
643.2 1.6 13 3.8 0 0.7
643.7 3.9 15 7.6 0 1
644.5 8.1 14 3.3 0 1
644.7 8.8 15 4.1 0 1
644.4 11.8 15 3 0 1
644.1 16.1 13 2.5 0 1
643.3 13.3 14 3.6 0 1
642.9 13.2 14 3.3 0 0.9
642.7 13.1 15 1.4 0 1
642.7 9 15 3.6 0 1
643.3 5.8 13 3.5 0 1
643.9 3.7 12 6.3 0 0.2
644.3 3.9 12 6.6 0 0
644.6 2.8 13 8.6 0 0
644.9 4.2 14 6.1 0 0.6
645.4 8.1 15 2.9 0 1
646 10.4 14 1.9 0 1
646 15.4 14 1.3 0 1
645.5 17.7 14 0.9 0 1
645.1 17.2 14 1.4 0 1
644.7 16.8 15 1.4 0 1
644.5 14.7 15 2.2 0 0.9
644.5 13.3 14 2.4 0 1
644.7 10.6 14 3.2 0 1
645.1 6.3 14 7.1 0 1
645.4 4.8 12 7.5 0 0.3
645.7 4.9 12 6.5 0 0
645.9 1.8 13 3.9 0 0
646.5 3.9 14 3.1 0 0.6
647 8.7 16 0.2 0 1
647.3 14 15 1.5 0 1
647.3 15.6 17 1.4 0 1
646.8 18 17 1.6 0 1
646.4 17.1 19 1.6 0 1
645.9 17.8 18 1.5 0 1
645.7 17 23 1.5 0 1
645.6 13.8 28 0.9 0 1
645.7 9.6 37 0.8 0 1
645.9 4.4 52 0.8 0 1
646.2 1.8 48 0.3 0 0.2
646.5 2.6 16 1.4 0 0
645.9 2 13 4.4 0 0
646.4 3.7 13 5.5 0 0.7
646.8 5.8 15 2.7 0 1
647 10 14 1.9 0 1
646.9 13.2 15 1.5 0 1
646.6 14.8 15 0.9 0 1
646 15.7 14 1 0 1
645.5 15.7 15 1.5 0 1
645.3 14.4 22 1.5 0 0.9
645.4 12.6 17 1 0 1
645.5 10.1 16 0.7 0 1
645.8 5.4 15 1.5 0 1
646.2 1.9 13 4.2 0 0.2
646.6 1.5 13 2.8 0 0
645.5 -1 35 8.4 0 0
646.3 2.8 20 3.6 0 0.5
646.6 8.5 14 0.8 0 1
646.7 7.7 16 3.2 0 1
646.8 12.2 15 1.5 0 1
646.3 13 15 2.5 0 1
645.7 13.2 15 2.5 0 1
645 15.5 14 2 0 1
644.8 14.5 16 1.6 0 1
644.5 11.8 16 1 0 1
644.6 8.9 15 1.4 0 1
644.8 4 15 2 0 1
645 1.9 13 5.2 0 0.2
645.2 1.1 13 2.5 0 0
644 -0.5 35 1.8 0 0
644.6 1.4 34 2.9 0 0.5
645.1 4.4 22 2.9 0 1
645.3 6.4 26 4.4 0 1
645.2 10.9 21 3.1 0 1
644.9 11.9 20 3.9 0 1
644.7 11.5 22 4.6 0 1
644 8.1 35 6.5 0 1
643.8 8.1 36 6.4 0 1
643.5 6.7 29 4.7 0 1
643.5 5 30 3.9 0 1
643.8 2.1 33 3.1 0 1
644.3 -0.1 31 2.4 0 0.2
644.6 -0.6 32 2.2 0 0
645 -3.3 47 3.4 0 0
645.4 -1.6 42 2.3 0 0.6
646 1.3 38 4.6 0 1
646.3 2 52 6.8 0 1
646.6 4.3 52 6.1 0 1
646.4 6.6 61 5.7 0 1
646.1 8 74 4.8 0 1
645.7 8.3 76 4.1 0 1
645.6 10.4 45 3.8 0 0.9
645.7 8.4 54 3.3 0 1
645.9 5.7 62 3.3 0 1
645.9 2.5 31 3.2 0 1
646.1 -0.5 73 4 0 0.2
646.2 -0.9 100 3.9 0 0
646.6 0.2 100 2 0 0
647.1 1.3 100 1.9 0 0.6
647.6 1.3 100 2.9 0 0.6
648 3.4 100 3 0 0.3
648.1 7.1 100 2.9 0 0.8
647.8 6.2 100 3 0 0.5
647.3 5.6 100 2.1 0 0.1
646.8 5.2 100 3 0 0.2
646.7 3.1 100 3.5 0 0.5
646.7 5.7 100 3 0 0.5
647.1 1.7 100 3.9 0 0.5
647.5 0.8 100 7.7 0 0.7
647.6 0.3 100 2 0 0.2
647.9 0 100 3.4 0 0
647.1 -2.6 100 6 0 0
647.1 -1.4 100 5.1 0 0.4
647.6 1 100 7.2 0 0.8
647.9 8.1 100 2.4 0 1
648.1 8.4 83 3.4 0 1
647.7 8.4 83 3.4 0 1
647.2 3.5 100 2.4 0 0.4
646.7 3.4 100 2.4 0 0.1
646.4 2.9 100 3.4 0 0.2
646.2 3.1 100 2.5 0 0.2
646.6 1.6 100 3.7 0 0.2
646.9 0.5 100 2.3 0 0.2
647 -0.9 100 2 0 0
647.2 0 100 4.7 0 0
646.5 -1.5 100 4.3 0 0
646.8 -0.8 100 1.9 0 0
647.2 0.8 100 1.3 0.5 0
647.7 3.8 100 0.3 2 0
647.6 4.1 100 1.6 0 0.5
647.1 2.1 100 2.6 0 0.4
646.6 2.2 100 2.7 0 0.1
645.8 2.9 100 3.4 0 0.1
645.7 1.9 100 1.8 0 0.1
645.6 1.4 100 1.5 0 0.1
645.5 0.2 100 2.1 0 0.1
645.5 -1.3 100 7.1 0 0.4
645.7 -2.3 100 7.9 0 0.2
646.1 -2.3 100 6.3 0 0
646 -3.2 100 6.3 0 0
646.5 -2.5 100 0.6 0 0
646.9 -1.9 100 3.3 0 0
647.1 -0.8 100 1.6 0 0
647.2 3.2 100 1.8 0 0.1
647.1 3.5 100 3.8 0 0.7
646.8 9.4 94 1.5 0 1
646 7.2 99 1.4 0 0.8
645.5 7.4 99 1.3 0 0.5
645.6 7.2 94 1.1 0 1
645.8 4.4 97 1.2 0 0.9
645.9 -0.6 100 3 0 0.9
646.2 -1.9 100 4.1 0 0.2
646.5 -2.7 100 4.7 0 0
646 -2.7 100 3 0 0
646.4 -2.2 100 4.1 0 0.2
646.8 3.7 100 3 0 1
647.2 0.9 100 4.4 0 0.3
647.1 1.2 100 2.8 0 0
647 2.4 100 2.8 0 0
646.5 4.7 100 3.1 0 0
646.1 0.5 100 4.9 0 0.1
645.6 0 100 2.5 0 0
645.4 -0.4 100 3 0 0
645.6 -0.1 100 1.2 0 0
646 -0.7 100 2.2 1 0
646.3 -0.8 100 3.5 1 0
646.4 -0.7 100 2.9 0 0
644.1 0.1 100 11 0 0
644.5 0.3 100 7.8 1 0
645.2 1.1 100 6.9 2.5 0
645.4 1.5 100 5.5 3 0
645.2 2.2 100 3.5 4 0
644.8 2.4 100 4.7 2 0
644.1 2.4 100 3.9 1 0.1
643.9 1.7 100 6.2 0 0.2
643.7 0.6 100 5.5 1 0
643.6 0.4 100 2.9 1.5 0
643.3 0.6 100 4 1 0
643.7 -0.5 100 7.5 2.5 0
643.4 -0.6 100 6.2 1.5 0
643.7 -1.1 100 5.5 0.5 0
642.7 -1.1 100 1.8 0 0
643.1 -1 100 1.6 0 0
643.2 -1.2 100 3.8 0 0
643.6 -0.6 100 3.5 0 0
643.6 -0.5 100 9.4 0 0.1
643.1 -0.1 100 6.8 0 0.2
642.5 0.4 100 4.6 0 0.5
642.2 2.1 95 3.3 0 1
643 0.4 99 8.3 0 0.9
642.1 0 91 5 0 0.7
642.4 -1.1 62 7.8 0 1
642.7 -2.8 85 3 0 1
643 -3.6 87 2 0 0.1
643.5 -3.3 85 2.6 0 0
642.6 -4.9 100 2.4 0 0
642.4 -4.1 100 3 0 0
642.9 -3.6 100 2.7 0 0
643.1 -3.7 100 2.7 0 0
643.1 -3.6 100 5.2 0 0
642.5 -3.7 100 3 0 0
641.9 -3.2 100 1.5 0 0
641.4 -2.4 100 2.1 0 0
641.2 -2.8 100 2 0 0
641.2 -3.3 100 1.2 0 0
641.6 -3.3 100 2 0 0
642 -2.8 100 3 0 0
642.2 -3.2 100 2.3 0 0
642.5 -3.4 100 2.2 0 0
641.5 -7.6 100 1.5 0 0
641.8 -5.1 100 1.7 0 0.5
642 -3.4 100 1.5 0 0.8
642.6 -0.6 100 1.6 0 1
642.7 2 100 1.6 0 1
642.6 -2.7 100 5.2 0 0.9
642 2.7 98 1.5 0 0.9
641.7 4.7 89 1.1 0 0.9
641.2 3.4 86 1.1 0 1
641.4 3.3 100 1.1 0 1
641.3 0.2 86 3.4 0 1
641.3 -4.9 80 4.6 0 1
641.8 -6.8 72 4.1 0 0.1
641.9 -6.6 61 5.6 0 0
642.4 -4 35 6.6 0 0
643.2 -1.6 30 4.6 0 0.6
644 2.9 25 3.1 0 1
644.5 7.2 22 1.9 0 1
645.4 9.4 24 1.2 0 1
644.5 10.8 26 1.1 0 1
643.9 12 25 1.2 0 1
643.7 11.1 26 1.4 0 1
643.1 10.5 26 1.2 0 1
643 8.4 29 2.2 0 1
643.8 4.8 32 3.5 0 1
643.9 0.6 30 3.9 0 1
644.3 -1.4 34 7.5 0 0
644.5 -1.3 40 7.4 0 0
645 -1.6 100 1.4 0 0
645.5 0.4 100 1.8 0 0.5
645.9 5.5 100 2.9 0 1
646.5 7.7 93 2.8 0 1
646.9 12.8 72 2.7 0 1
647.3 11.4 70 1.8 0 1
645.8 13.1 64 2.4 0 1
645.4 14.1 59 1.5 0 1
645.3 13.5 63 1.4 0 1
645.1 10.9 66 1.7 0 1
644.9 8.1 79 1.4 0 1
645.4 4.2 98 2.5 0 1
645.3 1.4 100 2.2 0 0.1
645.8 1 100 4 0 0
645.7 -0.1 100 4.1 0 0
646.4 2.2 99 2.4 0 0.4
646.9 6.2 86 1.6 0 1
647.3 8.6 80 2.6 0 1
647.2 11.9 70 2.4 0 1
647.3 12.6 60 2.2 0 1
646.9 13.6 59 1.3 0 1
646 13.2 54 1.8 0 1
645.6 13 59 2.5 0 1
645.5 11.8 65 2 0 1
645.4 8.5 75 1.1 0 1
645.6 4.1 81 1.3 0 1
646 1.1 92 0.8 0 0.2
646.4 0.9 85 0.9 0 0
646.1 1.5 62 2.8 0 0
646.6 3.6 63 1.3 0 0.4
647.4 6.9 71 1.1 0 1
647.6 9.9 65 1.1 0 1
647.6 11.3 59 1.3 0 1
647.4 10.4 54 2.4 0 1
646.9 12.6 59 2 0 1
646.3 14.4 54 1.3 0 1
646.3 14.1 68 1.2 0 1
646.1 10.6 74 1 0 1
646.1 7.6 74 1.5 0 1
646.2 2.2 100 1.1 0 1
646.5 0.6 91 4 0 0.2
647.1 -0.2 97 0.9 0 0
646 -1 84 6.2 0 0
646.5 1.2 79 2.2 0 0.4
647.1 4.2 66 3.7 0 1
647.8 8.5 52 2.4 0 1
647.9 8.8 48 3.1 0 1
647.8 11.2 48 2.6 0 1
647.3 12.2 47 2.9 0 1
646.7 10.3 52 2.3 0 1
646.5 10.9 48 2 0 1
646.4 10.4 45 1.5 0 1
646.2 7.5 50 1.4 0 1
646.4 3.5 46 6.3 0 1
646.6 0.9 48 4.7 0 0.2
646.9 0.1 48 3.1 0 0
647.1 -2 66 3.3 0 0
647.7 1.6 58 2.9 0 0.4
648.3 6 50 2.9 0 1
649 11.5 37 0.5 0 1
649.3 12.1 31 0.4 0 1
649.1 15.3 27 0.6 0 1
648.7 16 25 1.4 0 1
648.3 16 29 1.1 0 1
648 13.5 33 1.6 0 1
648.1 12.2 28 1.4 0 1
648.1 9.4 31 2.7 0 1
648.3 4.8 28 4.5 0 1
649 4.6 18 4.4 0 0.2
649.2 4 17 4 0 0
649.1 2.2 16 2.4 0 0
649.4 4.9 16 1.1 0 0.4
649.7 8.3 15 0.3 0 1
650.2 11.5 14 0.7 0 1
650.5 16.1 24 1.6 0 1
650.2 17.9 24 1.7 0 1
650 19.3 23 2 0 1
649.1 18.2 26 1.6 0 1
648.5 16.2 33 1.6 0 1
648.3 14.5 42 1.5 0 1
648.3 10.7 62 1.1 0 1
648.5 6 75 1.1 0 1
648.8 3.5 46 1.9 0 0.2
648.8 3 29 2.7 0 0
647.5 0.8 31 5.8 0 0
647.7 2.1 34 6.4 0 0.6
648.5 5.1 28 3.3 0 1
648.6 9.5 25 1.1 0 1
648.7 12.4 21 1.9 0 1
648.3 15.7 21 1.7 0 1
647.7 11.1 25 2.8 0 1
646.7 14.2 24 2.4 0 1
646.3 13.5 32 1.9 0 1
646.2 10.4 35 2 0 1
646.6 8.9 41 1 0 1
647.2 3.1 35 1.5 0 1
646.6 0.8 40 2.9 0 0.2
647.4 0.5 39 1.6 0 0
645.2 -1.9 39 5.4 0 0
645.8 0.1 36 5.7 0 0.5
646.1 3.7 32 4.3 0 1
646.8 7.2 36 4.1 0 1
646.6 9.3 39 3.7 0 1
646.7 10.6 35 3 0 1
646.3 11.2 39 1.9 0 1
645.5 9 38 3.2 0 1
645.5 10.2 52 3 0 1
644.9 7.3 49 2.4 0 1
644.7 3.5 35 1.9 0 1
645.1 0.2 39 1.6 0 1
645.1 -2.2 54 1 0 0.3
646 -4 77 1 0 0
