1016.9 22.1 93 0.9 0 0
1017.5 22 93 1 0 0
1017.5 23 88 1.3 0 0
1017.9 24.5 77 1.3 0 0
1017.5 25.1 73 1.4 0 0
1016.5 26.8 67 2.4 0 0.1
1015.7 27.7 63 2.3 0 0.1
1015 26.5 73 3.5 0 0
1014.5 26.2 71 4.2 0 0.8
1014.5 26 71 4.4 0 1
1014.9 24.1 76 4.8 0 0.5
1015.4 22.7 78 3.7 0 0.2
1015.9 22 77 4.3 0 0
1016.6 21.5 78 3.4 0 0
1016.8 17.5 66 2.9 0 0
1017.5 17.4 62 3.8 0 0
1017.7 18.1 59 3.2 0 0.1
1018 19.3 56 4.5 0 0.5
1017.8 21 51 3.9 0 0.6
1017 22.1 47 4.6 0 1
1016.3 22.4 46 4.2 0 1
1015.3 23 45 3.1 0 1
1014.6 23.5 44 3.9 0 1
1014.6 23 42 3.6 0 1
1014.8 21.5 47 4.2 0 1
1015.3 19.5 51 3.2 0 0.5
1015.5 17.7 58 2.5 0 0
1015.9 16.4 63 2.1 0 0
1016.9 12.7 72 1.4 0 0
1017.7 13.4 63 1.2 0 0.1
1018.1 16.4 47 2.7 0 1
1018.2 18.5 41 3.9 0 1
1017.7 21.1 36 2.8 0 1
1016.4 22.4 35 2.2 0 1
1015.5 23.5 34 3.7 0 1
1014.9 24.1 35 3 0 1
1013.8 23.7 35 3.1 0 1
1013.3 23.7 36 2.2 0 1
1013.4 22.4 43 3.3 0 1
1014 20.3 46 2.6 0 0.5
1014.5 18.4 52 2.4 0 0
1015.8 17.2 58 0.7 0 0
1015.5 12 93 1.4 0 0
1015.9 13.5 88 0.8 0 0.3
1016.2 17.6 70 0.8 0 1
1016.4 20.1 64 1.1 0 1
1016.1 22.4 50 1.6 0 1
1015.3 23.7 45 2 0 1
1014.2 24.3 45 1.7 0 1
1013.1 24.9 41 1.4 0 1
1012.3 25.7 41 1.4 0 1
1012 24.9 44 3.3 0 1
1012.2 23.6 52 3.4 0 1
1012.6 21.8 62 2.5 0 0.4
1013.1 20.2 73 1.9 0 0
1014 19.2 82 1.1 0 0
1013.2 15.8 97 0.6 0 0
1013.7 16.6 95 0.1 0 0
1014.1 18.8 80 0.8 0 0.2
1014.2 21.3 70 0.7 0 0.7
1013.9 23.2 57 0.8 0 1
1013.3 24.5 49 1.2 0 1
1012.7 25.2 47 1.4 0 1
1011.7 25.7 46 1.1 0 1
1011.2 25.8 46 1.8 0 0.6
1011.1 25.4 47 2.6 0 0.6
1011.5 24.8 50 2.6 0 0.3
1012 23.6 57 2.2 0 0
1012.3 22.1 64 1.5 0 0
1012.8 21 72 0.2 0 0
1012.9 15.9 95 1.1 0 0
1013.5 16.5 93 0.8 0 0.3
1013.8 19.3 80 0.2 0 1
1013.6 23.6 60 0.6 0 1
1013.2 24.6 52 1.3 0 1
1012.2 25.4 50 1.4 0 1
1011.1 26.6 45 1.4 0 1
1009.9 27 44 1.4 0 1
1009.3 27.5 40 1.4 0 1
1009.3 26 54 3.3 0 1
1009.1 24.9 61 3.4 0 1
1009.4 23.5 66 1.7 0 0.4
1009.8 21.7 75 0.8 0 0
1010.2 20.4 82 0.5 0 0
1010.7 16.9 74 1.1 0 0
1011.4 16 87 0.6 0 0.4
1011.9 19.4 71 0.2 0 1
1012.4 22.6 62 0.4 0 1
1012 24.9 54 0.5 0 1
1011.1 26.3 50 1.1 0 1
1010.1 27 47 1.8 0 1
1009 28.2 43 1.1 0 1
1008.4 28.1 43 1.1 0 1
1008.3 26.6 54 2.8 0 1
1008.4 25.4 61 3.2 0 1
1009.1 23.2 72 1.9 0 0.4
1009.7 22.2 80 0.9 0 0
1010.2 20.9 87 0.5 0 0
1010.6 17.3 70 1.8 0 0
1011 19 58 1.9 0 0.4
1011.7 21.1 54 1.4 0 1
1012.2 24 52 0.8 0 1
1012.1 25.2 57 1 0 1
1011.3 26.6 49 2.2 0 1
1010.6 27.7 40 1.8 0 1
1009.9 27.8 42 2.7 0 1
1009.4 27.3 56 3.9 0 1
1009.2 26.7 54 3.5 0 1
1009.4 25.7 51 3.9 0 1
1009.9 23.8 69 2.9 0 0.4
1010.2 22.2 77 1.7 0 0
1010.6 21.2 84 0.2 0 0
1012.5 15.8 98 0.2 0 0
1013.5 16.2 97 0.7 0 0.3
1014 19.1 83 0.1 0 1
1014.4 22 71 1.3 0 1
1014.6 24.5 58 1.1 0 1
1013.9 25.5 57 2.1 0 1
1013.2 25.8 53 2.1 0 1
1012.3 26.6 50 0.8 0 1
1011.7 27.5 47 1.5 0 1
1011.6 25.8 51 4.1 0 1
1012 24.9 53 2.7 0 1
1012.8 23.1 58 2.8 0 0.3
1013.5 21.7 63 1.6 0 0
1014.1 19.9 75 0.7 0 0
1014.4 15.4 96 0.9 0 0
1015.1 15.8 97 0.4 0 0
1015.7 18 88 0.7 0 1
1016.1 21.1 74 1 0 1
1015.9 23.7 63 0.7 0 1
1015.2 25.8 57 0.6 0 1
1014.5 25.6 54 1.2 0 1
1013.4 26.9 50 1.7 0 1
1012.7 27.1 49 1.4 0 0.8
1012.4 26.6 51 1.2 0 0.9
1012.5 25.5 58 3.2 0 0.9
1013.1 23.7 65 2.6 0 0.4
1013.8 22.4 70 1.3 0 0
1014.3 21 76 1 0 0
1014.7 17.8 96 1.4 0 0
1015 18 96 1.5 0 0
1015.2 20.1 87 0.7 0 0.9
1015.3 22.4 74 2.2 0 1
1014.9 23.4 67 2.1 0 1
1014.1 25.3 61 1.7 0 1
1013.1 25.7 60 3 0 0.9
1011.8 25.5 60 2.9 0 1
1010.9 25.5 58 2.2 0 1
1010.6 26 59 1.6 0 0.9
1010.6 24.8 64 2.4 0 0.8
1010.9 23.3 70 2.4 0 0.4
1011.6 22.5 75 1.8 0 0
1012.3 21.7 77 1.9 0 0
1011.8 17.3 98 0.7 0 0
1012.2 17.7 98 0.1 0 0
1012.6 19.3 94 1 0 0.2
1012.9 22 78 0.9 0 0.7
1012.6 25.3 61 1.7 0 1
1012.3 26 58 2.4 0 1
1011.5 27 58 2.5 0 1
1010.7 27.7 56 2.4 0 0.9
1010.3 28 58 2.6 0 0.9
1010.1 26.8 62 3.3 0 1
1010.1 26.1 62 3 0 1
1010.4 24.3 59 2.6 0 0.5
1011 22.7 60 1.9 0 0
1011.4 21.7 65 1.8 0 0
1012.9 16.6 98 0.2 0 0
1013.5 16.9 98 0.7 0 0.3
1013.8 19 91 0.5 0 0.6
1014 21.8 76 0.9 0 1
1013.7 23.8 67 0.4 0 1
1012.9 26.4 56 0.8 0 1
1012 28 49 1.1 0 1
1010.9 28.7 46 2 0 1
1010.2 29 47 1.2 0 1
1010.1 29.3 47 2 0 1
1010.3 28.7 47 1.6 0 1
1011 26.4 49 1.8 0 0.5
1011.4 24 61 0.3 0 0
1011.8 22.8 68 0.5 0 0
1013 21.3 88 0.5 0 0
1013.7 21.9 86 0.4 0 0
1014.2 22.9 84 0.7 0 0
1014.8 23.9 79 0.8 0 0
1014.7 25.3 69 1.4 0 0
1014.2 26.2 64 2 0 0
1013.4 27.5 62 2.1 0 0.1
1012.7 27.3 61 2.7 0 0
1011.9 27.8 59 3.6 0 0.3
1011.6 27.9 51 4.1 0 0.1
1012 27 53 3.2 0 0.5
1012.4 26.4 53 2.9 0 0.2
1013 25.7 55 1.2 0 0
1013.8 23.9 71 0.5 0 0
1013.8 20.6 91 0.8 0 0
1014 21.1 88 1.4 0 0
1014.3 23 78 0.5 0 0.1
1014.7 24 66 1.1 0 0.1
1014.6 25.1 64 0.3 0 0.2
1014.3 24.8 65 1.1 0 0
1013.2 25 69 1.7 0 0
1012.4 26.5 63 3 0 0.4
1011.7 26 62 3.8 0 0.1
1011.6 26.4 61 3.5 0 0.2
1012.1 25 66 2.6 0 0.2
1012.8 23.6 68 3.1 0 0
1013.4 22.5 73 2 0 0
1014.2 21.6 77 2.4 0 0
1015.3 20 86 2 0 0
1015.7 20 85 2.2 0 0
1015.6 20.7 82 1.3 0 0
1016.2 20.7 81 3 0 0
1016.5 22.2 75 2.4 0 0
1016.1 22 72 2.7 0 0
1015.3 22.3 71 3.1 0 0
1014.3 22.8 69 2.3 0 0
1013.7 23.1 67 2 0 0.1
1013.3 23.9 63 2.7 0 0.8
1013.6 21.8 68 3.3 0 1
1013.9 20.3 73 3.3 0 0.1
1014.3 19.8 73 2.6 0 0
1014.7 19.1 75 2.3 0 0
1016.1 17.6 78 1.1 0 0
1017 18 77 2.2 0 0
1017.1 18.5 76 1.7 0 0
1017.3 20.2 70 1.7 0 0.3
1017.2 21.8 67 2.3 0 0.9
1016.4 23.2 63 2.4 0 0.9
1015.1 24.5 62 1.6 0 0.6
1014.1 24.5 60 3.5 0 0.5
1013.3 24.6 60 4.2 0 1
1012.8 24.7 61 3.3 0 1
1012.9 23.5 64 2.8 0 1
1013.6 22.2 69 2.7 0 0.4
1014 20.6 77 2.5 0 0
1014.7 19.5 83 2.3 0 0
1014.6 18 93 1.1 0 0
1015 18.4 91 0.3 0 0
1015.5 19.1 87 0.4 0 0
1016.1 20.1 85 0.7 0 0
1015.6 21.1 81 1.4 0 0
1015.4 23 73 2.8 0 0
1014.2 23.5 72 2.5 0 0.1
1013.6 23.8 70 2.3 0 0
1013.4 22.8 74 3.7 0 0.1
1012.9 23.1 75 1.6 0 0
1012.4 22.8 75 1.7 0 0
1012.9 21.5 80 2.4 0 0
1013.3 20.5 84 1.5 0 0
1013.8 20.1 87 1.9 0 0
1011.6 19.2 95 0.3 0 0
1012.5 19.5 95 0.6 0 0
1012.9 20.2 94 1.4 0 0
1012.9 21.1 92 2 0 0
1012.9 21.7 87 2.4 0 0
1011.9 22.9 82 2 0 0
1011.4 23.2 83 2 0 0
1010.5 22.5 85 2.2 0 0
1010.1 21.1 96 1.4 0 0
1009.5 21.7 93 1.3 1 0
1010.1 21.6 95 0.8 0 0
1010.6 20.8 97 1.2 0 0
1010.8 20.9 98 1 0 0
1010.9 20.6 98 0.6 0.5 0
1010.2 19.8 96 1.1 0 0
1010.7 19.8 96 1.2 0 0
1010.9 20.7 91 1.1 0 0
1011.1 22.4 84 1.6 0 0.2
1010.6 24 75 2.3 0 1
1009.6 26 68 1.8 0 1
1008.3 26.1 65 2.4 0 1
1007.3 26.4 63 3.4 0 1
1007.3 26.1 64 3.6 0 1
1007.3 25.1 67 3.9 0 1
1007.4 24.4 68 3.1 0 0.5
1008.2 22.2 75 3.3 0 0.3
1009 20.8 82 2.3 0 0
1009.2 20.2 84 1.8 0 0
1011.1 19.5 92 0.4 0 0
1011.5 19.7 91 0.4 0 0
1011.7 20.4 86 0.5 0 0
1012.3 20.6 88 1.3 0 0
1012.2 21.1 85 1.4 0 0
1011.6 21.6 81 2.5 0 0
1011 21.9 78 1.8 0 0
1010.3 22.3 77 2.7 0 0
1009.7 21.8 78 2.1 0 0
1010.4 21.3 82 2.4 0 0
1010.1 20.3 91 1.5 0 0
1010.2 19.8 94 1.9 0 0
1010.8 19.6 91 2.4 0 0
1011.3 18.7 96 2.3 0 0
1010.6 15.4 90 0.1 0 0
1011.2 14.9 92 0.2 0 0
1011.5 16.8 85 0.5 0 0.3
1012.1 20 67 0.4 0 0.8
1012 22.2 55 0.9 0 1
1011.3 23.5 55 0.8 0 1
1010.2 26.2 49 1.1 0 1
1009.4 26.5 47 1.4 0 1
1008.8 27 44 0.9 0 1
1008.6 26.7 45 1.7 0 1
1008.9 25.2 51 2.9 0 1
1009.4 23.1 58 2 0 0.4
1010.1 21.4 66 1.3 0 0
1010.6 20.2 75 0.4 0 0
1011.7 16.9 96 1.7 0 0
1012.2 17.3 87 1.2 0 0
1012.6 20.2 74 1.2 0 0.9
1012.9 23 61 0.7 0 1
1012.8 25 62 1.1 0 1
1012.2 25.8 58 2 0 1
1011.3 26.9 55 1.5 0 1
1010.3 27.5 51 1.5 0 1
1009.8 26.7 54 2.5 0 1
1009.6 26.2 59 2.4 0 1
1009.7 25 65 2.4 0 1
1010 23.3 74 1.8 0 0.4
1010.3 21.8 81 1.6 0 0
1010.7 20.8 86 1.6 0 0
1010.8 16.6 98 0.4 0 0
1011.9 16.5 99 1 0 0.1
1012.4 19.9 88 0.6 0 1
1012.6 23.6 56 1 0 1
1011.8 26.3 43 0.8 0 1
1010.9 27.8 42 1.2 0 1
1009.9 28.9 41 1.4 0 1
1009 29.2 42 1.8 0 1
1008.6 28.5 47 3.2 0 1
1008.4 28.4 42 2.9 0 1
1008.3 27.1 44 3 0 1
1008.5 25.3 49 2.1 0 0.4
1009 23.3 54 1.6 0 0
1009.5 22 63 0.4 0 0
1009.4 19.5 89 0.6 0 0
1009.8 19.7 89 0.6 0 0.2
1010.4 22.3 76 1.4 0 0.8
1010.7 25.1 63 1.3 0 0.9
1010.3 27.9 54 1.8 0 1
1009.5 29.6 49 2.2 0 1
1008.3 30.5 50 2.7 0 1
1007.3 31.2 50 3.1 0 1
1006.5 30.1 52 3.9 0 1
1006.2 30.1 53 3.4 0 1
1006.4 28.8 56 4.1 0 1
1007 27.1 63 2.3 0 0.4
1007.9 25.4 71 1.9 0 0
1008.4 24.3 76 0.7 0 0
1009.5 22.9 92 0.5 0 0
1010.1 22.8 94 0.1 0 0
1010.2 23.9 89 0.6 0 0
1010.7 25.2 80 1.9 0 0
1010.9 26.6 72 1.3 0 0
1010.4 28 69 1.5 0 0.3
1009.4 28.5 65 1.8 0 0
1008.6 28.5 59 1.6 0 0
1008.2 28.6 58 2.1 0 0
1008 29 60 2.3 0 0.6
1008.1 28 64 1.8 0 0.9
1008.4 26.9 68 1.3 0 0.3
1009.2 25.3 77 1.4 0 0
1009.8 24.6 82 1.1 0 0
1010.1 21.7 99 0.4 0 0
1010.5 21.5 99 0.5 0 0
1011.1 23.1 98 0.3 0 0.8
1011.8 25.6 86 0.9 0 1
1011.9 27.4 73 1.6 0 1
1011.3 28.9 69 2.3 0 1
1010.5 29 66 2.9 0 1
1009.8 29.2 62 3 0 0.9
1009.4 28.6 64 3.9 0 1
1009.1 28.3 63 3.3 0 1
1009.4 26 69 3.7 0 0.7
1010.1 23.9 75 2.7 0 0
1011 23.3 76 1.9 0 0
1011.7 22.1 79 1.9 0 0
1013.4 18.6 93 1.2 0 0
1013.8 18.5 93 1.2 0 0
1014.4 20.3 85 1.6 0 0.8
1015 22.5 75 1.2 0 1
1015.2 24.6 69 1.1 0 1
1014.5 26.6 64 1.4 0 1
1013.7 28.6 58 2.3 0 1
1012.9 28.7 56 2.6 0 1
1012.3 29.2 54 2.8 0 1
1012 28.6 57 3.3 0 1
1012.1 27.5 62 2.3 0 1
1012.7 25.1 73 2.2 0 0.4
1013.3 23.5 82 1.5 0 0
1013.8 22.4 87 1.1 0 0
1014.3 18.6 99 0.4 0 0
1014.6 18.5 99 0.7 0 0.1
1014.9 20.9 97 0.3 0 1
1015.5 23.4 79 2 0 1
1015.7 25.8 62 1.4 0 1
1015.2 27.3 60 0.9 0 1
1014.1 28.3 59 1.4 0 1
1013 28.7 58 2.3 0 1
1012.1 28.4 61 2.2 0 0.9
1011.6 28.3 64 2.9 0 1
1011.7 26.7 70 2.5 0 1
1012.2 24.4 83 2.5 0 0.4
1012.8 22.8 92 1.7 0 0
1013.3 22.3 94 1.2 0 0
1012.5 21.1 99 1.6 0 0
1012.8 21 97 1.5 0 0
1013 22.2 88 1.3 0 0.3
1013.1 24.4 69 1 0 1
1012.5 26.9 64 1 0 1
1011.9 27.8 61 1.6 0 1
1011 29.2 53 1.6 0 1
1010.2 30.1 50 1.8 0 1
1009.6 30.1 49 2 0 1
1009.3 30 47 2.5 0 1
1009.4 28.4 53 3 0 1
1010 26.6 61 1.9 0 0.5
1010.6 24.8 73 1.5 0 0
1010.9 23.5 79 0.6 0 0
1012 20.1 95 0.7 0 0
1012.4 19.8 98 0.7 0 0.1
1013.2 22.3 88 1.7 0 1
1013.6 24 77 3.4 0 1
1013.8 24.2 65 3.8 0 1
1013.7 23.8 59 4.2 0 1
1013.3 23.9 54 4.1 0 1
1012.9 23.3 53 4.4 0 1
1013 21.9 56 5.8 0 1
1013.1 20.3 60 5.1 0 0.5
1013.6 19.6 62 4.9 0 0
1014.4 17.9 66 4.7 0 0
1015.2 16.4 71 3.8 0 0
1015.8 15.4 74 3.4 0 0
