1019.6 18.8 83 1.2 0 0
1020.4 20 79 1.7 0 0
1020.9 20.6 77 1 0 0
1021.3 21.4 73 1.1 0 0
1021.4 22.2 71 1.5 0 0
1020.5 23.8 71 1.6 0 0.8
1019.9 23.4 66 1.8 0 0.8
1018.9 23.6 67 2.6 0 0.3
1018.4 23.8 61 2.8 0 0.3
1018.3 25 52 4.2 0 0.5
1018.2 24 52 4.2 0 1
1019 21.3 56 3.8 0 0.4
1020 19.2 60 3.3 0 0
1020.8 19.1 57 4.7 0 0
1022.9 11.7 56 2.8 0 0
1023.2 12 54 2.7 0 0
1023.5 14.4 47 3.1 0 0.5
1023.9 15.9 44 4.1 0 1
1023.4 17.2 38 4.5 0 1
1022.8 18.7 39 4 0 1
1021.8 19.7 32 3.7 0 1
1020.7 20.4 34 3.1 0 1
1019.8 20.9 33 3.5 0 1
1019.2 20.7 36 3.5 0 1
1019 18.6 49 4 0 1
1019.3 16.8 53 2.5 0 1
1019.9 16.6 54 0.9 0 0
1020.5 14.5 63 2.8 0 0
1021.7 13.7 51 4 0 0
1022.4 14.1 49 3.5 0 0
1023.2 16 40 3.9 0 0.5
1022.8 17.6 36 4 0 1
1023.2 19 33 4.8 0 1
1022.4 20.2 30 5.8 0 1
1021.2 21 26 4.9 0 1
1019.6 21.1 26 5.9 0 1
1019 21.1 26 6 0 1
1018.7 20.1 34 5.5 0 1
1018.2 18.6 40 6.3 0 1
1018.9 17 45 5.2 0 0.9
1019.6 16.3 49 6 0 0
1020.4 15.9 54 5.2 0 0
1020.3 14.5 60 4.2 0 0
1020.4 15.1 60 3.8 0 0
1020.9 16 59 3.1 0 0
1020.9 17.8 54 3 0 0.6
1020.6 20.1 48 4.3 0 1
1019.4 20.9 47 4.3 0 1
1018.7 22.1 45 3.7 0 1
1017.5 22.4 44 3 0 1
1016.8 22.2 46 2.9 0 1
1016.2 21.1 54 4.5 0 1
1016.5 19.9 60 3.8 0 1
1016.7 17.7 70 2.9 0 1
1017.3 16.1 74 2.6 0 0
1017.8 15.5 75 2.5 0 0
1017.7 15.4 71 3.3 0 0
1018.3 15.7 71 3.4 0 0
1018.8 16.9 69 3.3 0 0.2
1019.1 19.4 56 4 0 1
1018.9 21.1 52 3.8 0 1
1018.4 22.5 50 3.8 0 1
1017.5 23.1 48 4.4 0 1
1016.8 23.9 47 4.2 0 1
1016.3 23.8 50 3.4 0 1
1016.4 22.7 53 3.2 0 1
1016.6 21.3 62 4.1 0 1
1017 19.5 69 4.7 0 1
1017.3 18.2 71 4.1 0 0
1017.6 18.1 72 5.6 0 0
1017.2 16.7 64 3.1 0 0
1017.8 17.1 66 3.1 0 0
1018.2 18.3 62 2.5 0 0.5
1017.9 19.8 59 3.4 0 1
1017.4 21.4 59 3.2 0 1
1016.5 23.5 55 3.8 0 1
1015.4 24.6 53 2.8 0 1
1014.2 25 54 2.9 0 1
1013.4 25.1 54 2.5 0 1
1013 23 66 4.8 0 0.6
1012.8 22.1 69 4.5 0 1
1013.3 20.4 77 4.1 0 0.9
1013.8 19.2 83 3.4 0 0
1014.4 18.7 84 3.3 0 0
1014.4 18.2 82 2.1 0 0
1014.9 17.9 85 2.5 0 0
1015.2 18.7 82 2.6 0 0
1015.4 20.8 76 2.8 0 1
1015.6 23 68 1.8 0 1
1015 24 64 2.3 0 0.9
1014.4 22 72 2 0 0.1
1013.1 24.2 67 1.2 0 0.8
1012.3 23.8 71 2.4 0 1
1011.8 23.2 72 2.8 0 1
1011.7 22.6 74 1.7 0 1
1012.2 20.6 81 2 0 0.9
1012.5 19.5 91 3.1 0 0
1013.2 18.9 92 2.8 0 0
1013.6 17.6 98 0.7 0 0
1014.2 17 98 1.5 0 0
1014.9 18.3 94 1.3 0 0.3
1015.7 20.1 88 2.4 0 1
1015.7 22.1 77 2.2 0 1
1015.1 22.5 73 2.8 0 1
1014.6 24.6 63 1.4 0 1
1013.7 24.3 66 1.4 0 1
1012.9 24 67 1.5 0 1
1012.8 23.5 70 2.1 0 1
1012.6 22.7 68 3.4 0 1
1013.2 20.9 82 3.1 0 1
1013.8 19.6 89 2.3 0 0
1014.4 19.2 91 2.4 0 0
1017.3 19.4 75 5.6 0 0
1018.7 19.4 70 6.7 0 0
1019.4 19.7 69 6.1 0 0
1020 20.6 65 6.8 0 0.8
1020.1 21.9 60 5.7 0 1
1019.6 22.2 54 7.2 0 1
1018.9 23 47 6.6 0 1
1018.3 23 45 6.8 0 1
1018.1 22.4 46 7.4 0 1
1018.2 21.4 49 7.5 0 1
1018.6 19.9 53 8.7 0 1
1019.3 18.5 58 7.4 0 0.6
1020.1 17.8 60 7 0 0
1020.8 17.6 62 6.1 0 0
1020.7 16.2 64 4.7 0 0
1021.4 16.2 66 5 0 0
1021.9 17.1 63 4.9 0 0.3
1022.1 19 58 5.2 0 1
1022.3 20 59 5.6 0 1
1021.7 21 56 4.9 0 0.9
1020.9 22 56 4.7 0 1
1019.6 22.6 55 5.3 0 1
1018.9 21.6 57 6.1 0 0.9
1018.6 21.5 58 5.8 0 0.6
1018.5 20.3 60 5.7 0 0.9
1019 19.3 64 5.2 0 0.7
1019.3 19 66 6.2 0 0
1019.9 18.6 68 4.3 0 0
1019.3 16.1 80 2.4 0 0
1019.7 16.5 78 2.5 0 0
1020.2 18.3 70 2.9 0 0.4
1020.3 19.8 65 4.2 0 1
1020 20.7 63 4.4 0 0.9
1019.3 22.8 58 3.3 0 1
1018.2 23.5 58 3.6 0 1
1016.9 23.8 55 3.8 0 1
1016.1 24.5 56 2.2 0 1
1015.5 23.3 62 3.3 0 1
1015.2 21.6 67 3.9 0 1
1015.5 19.8 75 3.3 0 1
1015.7 18.7 81 4.6 0 0
1016.3 18.1 85 3.6 0 0
1015.9 15 91 1.9 0 0
1016.5 15.5 91 1.8 0 0
1016.9 17.8 84 0.9 0 0.3
1017.4 19.9 74 2.7 0 1
1017.3 21.9 66 1.9 0 1
1016.8 23.6 54 2.9 0 1
1016 24 57 1.6 0 1
1014.9 25.1 58 1.6 0 1
1014.4 23.2 68 1.1 0 1
1013.9 23.6 62 2.7 0 1
1014 21.9 69 2.9 0 1
1014.5 20 78 2.2 0 0.8
1015 18.7 83 2.6 0 0
1015.5 18.2 87 3 0 0
1018 16.9 85 3.3 0 0
1018.6 17.2 80 3 0 0
1019.2 18.8 74 3.6 0 0.3
1019.4 20.5 68 4.6 0 1
1019.5 22.2 63 5 0 1
1018.7 23.9 59 4.2 0 1
1017.4 23.7 56 5.9 0 1
1015.9 24.1 55 5.7 0 1
1015.3 23.8 55 5.7 0 1
1015.2 23.1 57 6.2 0 1
1015.7 22.1 61 5.2 0 1
1016 20.7 63 5.1 0 0.9
1016.9 19.6 66 4.4 0 0
1017.4 19.2 64 5.1 0 0
1017.1 18.9 61 5 0 0
1017.6 18.8 64 5.2 0 0
1018.4 19.3 65 3.8 0 0
1018.9 20.2 61 4.2 0 0
1019 22.8 55 4.1 0 0.8
1018.4 22 57 4.1 0 0.6
1017.7 22.6 56 3.4 0 0.1
1016.4 23.6 54 3.2 0 0.3
1015.7 23.6 55 2 0 0.2
1015.9 19.6 90 2 0 0
1016.7 19.2 92 1 0 0
1017 18 96 0.8 1 0
1017.4 17.7 98 2.1 0.5 0
1017.6 17.6 98 1.9 0 0
1018.3 18.3 92 3 0 0
1018.8 18.5 91 2.9 0 0
1019.1 19.9 86 4 0 0
1020 20.5 84 5.4 0 0.3
1020.1 21.1 76 4.8 0 0.2
1020.1 21.2 72 5.8 0 0
1019.3 21.9 67 6.1 0 0.7
1018.2 21.9 63 6.8 0 1
1018 22 62 5.8 0 0.9
1018 20.8 63 6.4 0 0.4
1018.1 20.3 65 6.7 0 0.1
1019 19.1 70 6.9 0 0
1019.6 18.6 71 7 0 0
1020.3 18.3 73 6.1 0 0
1020.8 16.5 75 5.1 0 0
1021.1 16.5 73 6 0 0
1022.1 17.1 73 4.5 0 0
1022.4 17.8 69 5.5 0 0
1022.6 18.5 67 6.1 0 0.2
1022.2 18.1 71 4.5 0 0
1021.3 19.3 66 5.1 0 0
1020.4 18.5 69 5.3 0 0.2
1020 18.3 68 6 0 0.1
1019.6 18.6 66 5.5 0 0.4
1019.7 16.8 72 6.4 0 0.4
1020.5 15.9 69 5.8 0 0
1020.8 15.3 68 6.4 0 0
1021.3 15.2 67 6.3 0 0
1022.4 14.1 66 4 0 0
1022.6 13.9 68 4.1 0 0
1022.7 15.5 63 4.5 0 0.3
1022.8 15.6 60 5.5 0 0.2
1022.7 16.9 57 5.5 0 0.9
1022.3 17.8 55 5.7 0 1
1021.1 17.6 56 5.1 0 0.7
1019.8 19.5 54 4.2 0 0.7
1018.9 19.4 53 4.6 0 1
1018.4 18.7 56 5.1 0 0.9
1018.5 18 60 5.8 0 0.8
1018.8 16.4 66 6.1 0 0.7
1019.5 15.5 71 6.4 0 0
1020.3 15 72 5 0 0
1019.5 16.3 73 3.7 0 0
1020.1 16.4 72 4.2 0 0
1020.1 16.9 70 3.8 0 0
1020.8 17.6 68 4.9 0 0
1021.1 18.8 66 4.5 0 0
1021 19.2 65 5 0 0.1
1019.4 21.1 59 5.7 0 0.7
1018.6 21.7 57 4.5 0 1
1018.2 21 59 5.9 0 1
1017.4 20.4 62 6 0 0.2
1017.4 18.3 68 6.9 0 0.1
1018.2 17.3 73 4.6 0 0.2
1018.7 17 74 4.7 0 0
1019.4 17 73 5.2 0 0
1016.4 15.2 96 2.3 0.5 0
1016.9 15.2 98 3 1.5 0
1016.8 15.7 99 2.5 0 0
1017 16.1 99 2.5 0 0
1016.6 16.6 98 2.8 0.5 0
1016.3 16.8 95 2.3 0 0
1015.3 17 91 1.8 0 0
1014.2 17.7 90 2.3 0 0
1013.3 18.1 88 1.7 0 0
1013.5 17.7 89 1.5 0 0
1013.1 17.5 91 2 0 0
1013 17.3 92 2.2 0 0
1013 16.9 95 1.8 0 0
1013.6 16.7 95 2 0 0
1013.7 16.2 98 1.5 0 0
1014.3 15.9 99 2.2 0 0
1014.6 17 98 2.2 0 0.4
1015.1 19.1 87 2.6 0 0.6
1014.8 19.5 86 2 0 0.2
1013.9 20.2 80 1.7 0 0.4
1013.2 19.7 84 2.2 0 0
1012.1 22.7 72 2.9 0 0.3
1011.7 20.5 78 3.2 0 0
1011.6 20 82 2.9 0 0.5
1011.6 19.4 84 3.4 0 0.4
1012.3 18.4 86 3.3 0 0
1013 18.1 85 3 0 0
1013.6 18.1 86 3.3 0 0
1014.3 16 68 2.3 0 0
1015.1 16.5 66 2.6 0 0
1015.6 17 68 2.6 0 0
1016 17.6 64 2.5 0 0
1016 18 61 2.1 0 0
1015.5 18.3 66 2 0 0
1014.9 19.7 62 2.5 0 0
1014.2 19.8 51 1.5 0 0
1013.6 19.5 62 0.7 0 0
1013.5 18.6 58 0.1 0 0
1013.8 18.7 62 0.2 0 0
1014 18.2 64 0.5 0 0
1014.4 17.7 74 0.9 0 0
1014.9 17.7 75 0.8 0 0
1015.6 13.4 80 3.1 0 0
1016.2 13.8 73 2 0 0
1016.8 15.8 68 0.8 0 0.4
1017.4 18.2 58 2.4 0 1
1017.2 20.4 39 3.8 0 1
1016.7 21.8 43 3.9 0 1
1015.7 22.5 40 4.2 0 1
1014.8 23 38 4.4 0 1
1014.1 22.9 39 5 0 1
1013.8 22.3 44 4.3 0 1
1013.8 20.9 51 4.4 0 1
1014.1 18.8 63 3.6 0 1
1014.5 17 71 4 0 0
1015.1 16.3 74 4 0 0
1015.2 14.9 80 2.8 0 0
1015.8 15 83 1.9 0 0
1016.4 15.8 80 1.7 0 0.4
1016.8 17.4 74 2.4 0 1
1016.9 19.6 58 2.6 0 1
1016.2 20.4 56 2.9 0 1
1014.8 21.7 55 2.9 0 1
1013.4 22.7 53 2.2 0 1
1012.6 22 62 1.6 0 1
1012.6 21.5 67 1.1 0 1
1012.5 20.4 74 2 0 1
1012.7 18.5 79 2.2 0 1
1013.2 17.8 85 1.6 0 0
1013.5 17.4 87 1.5 0 0
1013.4 15.6 93 1.7 0 0
1014.1 15 94 2.7 0 0
1014.5 16.9 87 1 0 0.4
1014.8 19.1 81 1.6 0 0.7
1015 20 77 1.2 0 0.1
1014.5 20.1 72 1.6 0 0
1013.6 20.6 74 2.2 0 0.2
1012.6 21.2 69 1.4 0 0.3
1011.5 22.4 62 0.7 0 1
1011 22.2 57 2.1 0 1
1010.9 21.8 63 1.9 0 1
1011.1 20 64 2.1 0 1
1011.3 19.1 85 1.7 0 0.1
1011.8 18.6 95 2.1 0 0
1012.5 17.8 88 3.1 0 0
1013.4 18.3 87 0.8 0 0
1013.8 18.9 84 1.1 0 0
1014.4 20.7 72 2.2 0 0
1014.1 22.9 60 1.7 0 0.3
1013.4 24.5 54 1.1 0 0.8
1012.3 23.7 56 1.7 0 1
1011.1 24.1 62 1.4 0 1
1010.3 22.6 66 1.1 0 0.5
1009.8 22 72 1.2 0 0.5
1009.7 22 63 2.1 0 0
1010.1 21.2 68 2.5 0 0
1011 20.6 74 2.8 0 0
1011.9 20.5 76 1.7 0 0
1012 19.7 82 0.8 0 0
1012.6 19.8 84 1.4 0 0
1013.1 20.6 83 1.2 0 0
1013.5 22.6 74 1.3 0 0.2
1013.3 23.5 72 2.1 0 0.8
1012.7 24.1 73 2.6 0 1
1011.7 25 73 1.8 0 1
1010.8 24.6 72 2.7 0 1
1010.1 24.6 73 2.6 0 1
1010.1 24.1 78 2.3 0 1
1010.1 22.4 85 2.9 0 1
1010.3 21.5 89 2 0 1
1011.1 20.7 93 2.3 0 0
1011.5 20.2 95 2.4 0 0
1013.6 19.7 95 4.7 0 0
1014.4 19.5 93 4.8 0 0
1015.2 19.7 90 5.2 0 0
1016.1 20.1 86 5.9 0 0
1016.6 19.9 83 7.5 0 0
1016.3 21.3 78 5.8 0 0.1
1015.7 21 78 6.1 0 0
1015 21.8 74 6.8 0 0.1
1014.6 21.3 74 5 0 0
1014.8 20.2 77 5.3 0 0
1015.1 19.2 80 6.6 0 0
1015.8 18.3 83 5.8 0 0
1016.5 17.9 84 5.4 0 0
1017.3 17.8 85 5.7 0 0
1018.4 16.1 82 4.4 0 0
1019 16.4 79 5.1 0 0
1019.9 16.6 78 4.7 0 0
1020.3 17.1 77 5.1 0 0
1020.6 18 74 4.7 0 0
1020.3 18.6 73 4.3 0 0
1019.6 19.3 71 4.6 0 0
1018.5 20.6 67 4.6 0 0.6
1017.9 20.8 66 4.6 0 0.8
1017.5 20.8 67 4.6 0 0.9
1017.5 19.8 71 4.8 0 1
1017.7 18.7 76 4.6 0 1
1018.2 17.4 81 3.6 0 0
1018.5 17.4 82 3.7 0 0
1017.6 17.4 88 2.8 0 0
1017.9 16.7 93 2 0 0
1018.5 18.6 86 1.7 0 0.4
1018.9 20.8 75 2.2 0 0.9
1019.1 23 69 2.1 0 1
1018.8 24.3 65 2.3 0 1
1017.7 24.5 66 2 0 1
1016.7 24.8 68 2.7 0 1
1015.8 24.3 69 2.3 0 1
1015.5 23.5 72 2 0 1
1015.2 22.3 78 1.5 0 1
1015.3 20 87 1.7 0 0.3
1015.2 18.9 93 1.2 0 0
1015.5 18.6 95 0.8 0 0
1014 18.8 98 1.4 0 0
1014.5 18.8 99 1.4 0 0
1014.7 20 99 0.5 0 0
1015.1 20.7 93 0.8 0 0
1015.4 21.7 86 1.4 0 0
1014.7 22.5 82 1 0 0
1013.7 22.7 81 1.2 0 0
1012.8 22.3 83 2.6 0 0
1012.4 22.3 87 0.7 0 0
1012.2 22.4 88 0.9 0 0
1012.5 20.6 97 0.7 0 0
1012.5 20.5 97 2.3 0 0
1012.5 20.4 96 2.9 0 0
1013 20.4 96 2.3 0 0
1015.7 18.3 91 7.4 0 0
1016.9 17.2 88 9.8 0 0
1017.9 16.4 83 10.4 0 0
1019.9 15.1 87 8 0 0
1020.8 15.7 82 5.8 0 0
1021.3 15.5 87 5.6 0 0
1021.1 15.1 88 5.1 0 0
1020.7 13.8 95 5.1 0 0
1020.1 13.5 95 4.8 0 0
1020.3 14 86 5.8 0 0
1020.5 13.3 86 6.6 0 0
1021.2 13.4 80 6.4 0 0
1022 13.1 78 6.6 0 0
1022.9 13 77 6.4 0 0
