983.6 22.7 84 6.4 0 0
984.2 23.3 82 5.2 0 0.4
984.8 21.8 93 6.4 4.5 0.2
985 22.7 89 5 0.5 0
984.7 22.3 91 3.6 0 0
983.8 22.7 92 3.9 0.5 0
983 22.5 91 3 0 0
982.1 23.1 89 3.2 0 0
981.3 23.6 90 2.4 0 0.8
981.1 22.9 89 3 0 0.8
981.5 22.6 92 3.1 0 0.3
982 22.5 92 3.6 0 0.1
982.3 22.5 92 3.2 0 0
982.9 22.2 93 3 5.5 0
982.4 18.1 93 7.5 0 0
982.9 17.8 96 8.5 0.5 0
983.5 17.4 96 8.5 1 0
984.2 17.9 92 7.2 0 0
984 17.9 93 8.4 0 0
983.3 18.4 88 8.3 0 0
982.7 18.5 83 6.2 0 0
982.3 18.7 82 8.4 0 0
981.8 18.5 84 5.9 0 0
982.1 18.4 81 7.3 0 0
982.4 18.5 81 6.5 0 0
982.6 18.3 82 6.3 0 0
983.1 18.2 83 7.7 0 0
983.6 17.5 88 7 0 0
983.1 18.1 70 6 0 0
983.7 18.3 69 8.1 0 0
984.2 18.4 65 7.8 0 0
985.2 19.3 63 6.4 0 0.1
984.9 19.2 61 6.8 0 0.2
984.5 20.1 59 7 0 0.3
983.5 20.3 62 5.8 0 0.9
982.1 20 61 6.9 0 0.6
981.7 19.4 70 7.1 0 0.3
981.3 18.6 70 7.6 0 0
981.5 18.8 67 5.5 0 0.1
981.9 18.6 67 10.2 0 0
982.9 18.8 63 8.8 0 0
983.5 18.8 64 7.7 0 0
982.9 18.9 64 7.6 0 0
983.5 19.1 62 4.2 0 0
983.5 19.9 63 6.2 0 1
983.8 20.6 59 4.5 0 0.9
983.5 21.1 58 4.6 0 1
982.7 20.7 60 3.7 0 0.9
982 21.4 59 3.6 0 0.9
980.9 22.2 58 4.9 0 0.9
980 21.7 65 4.2 0 0.9
980.4 21.3 65 2.6 0 0.8
980.5 20.6 73 5.3 0 0.6
981 19.8 71 4.4 0 0.7
981.4 19.6 74 5 0 0
981.9 19.6 73 4 0 0
980.5 20.3 75 5.6 0 0
981.1 20.5 71 5.7 0 0
981.6 20.9 72 7.3 0 0
981.7 21.2 72 8.5 0 0.1
981.6 21.5 72 5 0 0.2
981 21.9 72 3.8 0 0.4
980.5 21.9 73 5.5 0 0.1
979.7 22.1 69 5.9 0 0.5
979.2 21.4 73 6.5 0 0
979.6 21.5 70 6.4 0 0.2
980.1 21.4 70 5.3 0 0.3
980.7 21.2 72 6.8 0 0.5
981.1 21.1 74 7.1 0 0
981.5 21 72 6.7 0 0
980.3 20.9 72 6.7 0 0
980.6 21.2 73 5.9 0 0.2
981 21.3 72 6.2 0 0.4
981.1 22.4 71 4.5 0 0.5
980.9 22.9 66 5.4 0 0.7
980.4 23.1 69 5 0 0.6
979.5 22.9 68 5.5 0 0.7
978.6 23.9 65 5.7 0 0.8
978 23.6 68 5 0 1
977.5 23.3 69 6.1 0 1
977.9 22.6 71 5.6 0 0.9
978.2 21.6 72 5.5 0 0.6
978.7 21.4 72 5.8 0 0
979.1 21.4 74 7.6 0 0
978.8 21.2 76 5.9 0 0
979.2 21.1 77 5.8 0 0.1
979.7 21.8 75 4.2 0 0.6
980 22.9 71 5 0 1
979.7 23.8 70 5.1 0 1
979.4 24.1 70 6.1 0 0.9
978.3 24.7 69 4.9 0 1
977.3 24.6 68 5.3 0 1
976.9 24.3 70 4 0 1
976.8 23.8 71 3.5 0 1
976.9 23.2 73 4 0 1
977.6 21.7 77 5.8 0 0.9
978 21.6 78 6.8 0 0
978.4 21.4 77 3.9 0 0
978.3 20.6 80 4.2 0 0
978.7 21.2 81 3.9 0 0.3
979.4 22.1 79 3.7 0 0.4
979.9 21.9 81 3.3 0 0.1
979.9 22.7 76 2.2 0 0.6
979.3 25 67 4.3 0 0.8
978.7 24 72 3.9 0 0.6
978.1 24.6 69 4.5 0 0.5
977.5 24.9 69 3.8 0 1
977.7 23.8 74 3.9 0 0.8
977.9 23 74 4 0 0.5
978.1 21.9 77 4.4 0 0.7
978.3 21.7 75 5 0 0
978.6 21.6 75 7.3 0 0
979.7 21 70 10.6 0 0
980.4 21.3 66 8.6 0 0.4
981.2 21.7 68 8.2 0 1
981.9 22.1 65 11.4 0 0.6
982 23 64 7.9 0 0.7
981.6 22.4 71 9.8 0 0.2
981.1 22.6 72 12 0 0.3
980.2 23.2 72 11.8 0 0.4
979.6 22.6 74 13.8 0 0.5
979.7 22.5 76 14.6 0 0.5
980.3 21.8 81 14.1 0 0.2
981.2 21.6 77 10.3 0 0
981.9 21.5 79 8.9 0 0
982.5 21.4 78 8.3 0 0
982 20.4 66 8.1 0 0
982.5 20.6 71 8.5 0 0
983.5 21 69 8.1 0 0.1
983.6 21.9 68 6.3 0 0.5
983.5 21.8 71 8.1 0 0.4
983.6 21.7 73 7.5 0 0.5
982.9 22 72 6.6 0 0.5
981.9 22.5 69 7.7 0 0.3
981.6 23.2 67 5.1 0 0.8
981.3 22.1 73 8.5 0 0.8
981.6 21.5 75 6.5 0 0.7
982.1 20.7 78 7.8 0 0.2
982.8 21 78 7.2 0 0
983.3 21 81 6.6 0 0
981.8 20.4 82 4 0 0
982.2 21.1 77 5.7 0 0.3
982.3 20.6 90 12.7 0 0
982.7 21.4 83 6.8 0 0.1
982.4 22.4 84 8.1 0 0.3
981.8 22.9 84 9.5 0 0.7
980.4 23 82 8.3 0 0.9
979.1 22.8 85 10.6 0 0.8
979.1 22.4 84 7.7 0 0.7
978.7 21.6 85 8.8 0 0.1
978.8 21.3 85 7.2 0 0.1
979.3 20.9 87 7.8 0 0
979.7 21.2 86 6.7 0 0
980 21.5 79 6.8 0 0
978.4 21.2 94 7.9 0 0
978.8 21.4 93 8 0 0
979.6 22.1 91 7.2 0 0
980 22.1 90 8.9 0 0
980.1 22.8 88 6.9 0 0
979.6 23.1 86 8.4 0 0.4
979.4 24.5 81 6.9 0 0.3
978.3 22.3 91 6.3 0 0.2
977.9 23.5 86 9.1 0 0.3
977.5 22.7 90 7.5 0 0.3
978 22.2 91 7.4 0 0.3
978.6 22 89 5.8 0 0
979.1 22 91 7.3 0 0
979.8 22 89 5 0 0
981.3 20.6 92 8.8 0 0
981.6 20 97 9.4 1 0
982.2 19.8 94 6.3 0.5 0
983.1 20.3 86 8.2 0 0
982.9 21.2 89 10 0 0
982.7 20.8 86 6.9 0 0
981.6 21.4 78 9.3 0 0
981.1 21 83 8.8 0 0
981 21.2 79 8.5 0 0.2
980.8 21.2 76 8 0 0
980.6 21 71 7.9 0 0
981.4 20.9 71 8.3 0 0
981.4 21 67 8.4 0 0
981.8 20.9 67 8 0 0
981.3 21.3 80 6.4 0 0
981.8 21.3 81 5.7 0 0
982.8 21.6 81 5.8 0 0
983.3 21.7 81 6 0 0
983.2 21.9 83 6.8 0 0
982.6 21.9 83 5.5 0 0
981.8 21.8 85 3.6 0 0
980.9 22.3 84 4.6 0 0
980.4 22.2 86 5.3 0 0
980.7 22 88 4.6 0 0
981 22.1 88 5.7 0 0
981.4 22.2 89 7.7 0 0
982.2 22.2 89 6.7 0 0
982.6 22.1 91 5.5 0 0
982.4 21.7 97 6.7 1 0
982.2 21.5 98 5.8 1 0
982.5 21.9 96 5.1 0 0
983.4 22.3 89 5.5 0 0
983.3 22.9 88 5.6 0 0
982.6 23 91 6.9 0 0
981.9 24.5 85 5.7 0 0.6
980.8 23.7 86 6.7 0 0.3
980.2 22.1 95 8.3 0.5 0.1
980.4 22 92 7.1 0 0.1
981.1 22.1 90 7.9 0 0
981.6 21.7 91 6 0 0
982.1 21.2 96 9.9 0 0
982.1 20.7 98 15.5 0.5 0
981.9 20.4 99 8.3 0 0
982.5 20.3 99 5.8 0 0
982.9 20.6 99 9.5 0.5 0
983 20.5 99 10.9 0 0
982.8 20.5 98 11.3 0 0
982.8 20 98 8.9 0 0
981.9 20.3 96 10.5 0 0
981 20 96 8.3 0 0
980.7 20 94 9.6 0 0
980.8 20 92 8 0 0.1
980.7 19.5 91 9.7 0 0
981.2 19.2 96 10.5 0 0
981.7 19.5 92 8 0 0
982.1 19.7 91 8.1 0 0
982.7 18.8 95 12.2 0.5 0
983.2 19 97 8.4 0 0
983.9 19.6 90 11.4 0 0
984.1 19.9 91 7.4 0 0
983.8 20.1 92 8.2 0 0
983.8 19.9 92 8 0 0
982.6 21.1 86 6.8 0 0.3
981.7 21.2 84 6.8 0 0.4
981 20.9 88 10.2 0 0.4
980.9 20.6 91 5.5 0 0.4
981.3 20.1 94 5.9 0 0.1
981.8 19.8 94 7.3 0 0
982.4 19.7 97 7.5 0 0
982.8 19.7 98 6.3 0 0
981.9 20 100 7 0 0
982.7 20.4 100 5.9 0 0
983.3 20.3 100 6.7 2 0
983.6 20.5 100 3.8 1 0
983.1 20.8 100 10.9 1 0
982.9 20.6 100 8.6 0 0
981.8 21.1 100 11.4 0.5 0
981.3 20.7 100 10.9 0 0
980.7 20.7 100 10.8 0 0
980.6 20.6 100 10.3 0.5 0
980.3 20.9 100 12.1 1.5 0
980.6 20.9 100 10.7 0 0
981 20.6 100 6.6 2 0
981.4 20.6 100 7.3 0.5 0
978.8 21 100 7.4 0 0
979.4 20.9 100 9.3 0.5 0
979.5 21.2 100 8.2 0 0
979.9 21.3 100 6.1 0 0
979.4 21.3 100 8.5 1 0
978.5 21.5 100 6.9 0 0.1
977.8 22.2 97 6.2 0 0.7
976.9 22.4 94 6.5 0 0.1
976.3 22.1 96 6.3 0 0
976.5 22.2 95 7 0 0
976.6 21.7 98 6 0 0
976.9 21.8 96 6.6 0 0
977.2 21.7 97 7.4 0 0
977.9 21.8 98 6.7 0 0
976.6 21.2 96 7.3 0 0
977.8 21.6 95 5.5 0 0
978.5 21.7 96 6 0 0
978.6 21.8 97 5.7 0 0
978.2 21.5 99 5.3 0.5 0
977.7 21.2 100 6.7 0 0
976.5 21.5 99 8.8 0 0
976.1 21.5 99 3.5 0 0
975.6 21.2 100 3.9 0 0
975.7 21 100 3.9 0.5 0
976.1 20.7 100 4.7 0.5 0
976.6 20.7 100 4.3 0 0
977.2 20.8 100 4.3 0 0
977.8 20.7 100 5.1 0 0
977.6 20.3 100 8.5 0 0
977.9 20.7 100 8.9 0 0
978.3 20.8 100 10.1 0 0
978.8 21.2 99 7.8 0 0.1
978.4 21.8 97 7.1 0 0.3
978.2 23.2 94 5.4 0 0.4
977.2 21.7 97 6.1 0 0.1
976.3 23.2 92 5.3 0 0.2
976.1 22.5 92 5.1 0 0.3
976.1 22 95 6.5 0 0.1
976.7 22.1 94 6.5 0 0.2
977.1 22 94 5.3 0 0.9
977.4 21.7 97 8.7 0 0
978.2 21.6 97 9.9 0 0
978.6 19.7 80 8.5 0 0
979.2 19.6 77 10.4 0 0
979.9 19.7 70 9.6 0 0
980.5 19.9 74 8.5 0 0
980.5 20 75 10.6 0 0
980.3 19.9 76 7.8 0 0
979.4 19.3 80 7.8 0 0
978.3 20.4 75 10.1 0 0
978.3 19.7 80 8.6 0 0
978 20.1 75 6.6 0 0
978.3 19.9 74 6.8 0 0.1
978.7 19.7 74 6.4 0 0
979 19.7 70 7.8 0 0
979.9 19.8 67 6.7 0 0
979.6 18.8 91 8.6 0 0
979.8 19.4 87 8.7 0 0
980.7 19.8 88 6.2 0 0
981.1 20.1 88 5.8 0 0
980.6 20.8 87 7.3 0 0
980.1 21.1 88 7.1 0 0
979.7 21.3 86 5 0 0
978.7 23.7 77 3 0 0.3
978.3 22.1 81 4.8 0 0.8
977.8 21.8 85 3.5 0 0.6
978.2 21.5 86 5 0 0
978.7 21.1 89 4.1 0 0
979.2 21.1 91 4.9 0 0
979.4 20.9 94 2.3 0 0
978.7 21.5 94 4.9 0 0
979.4 21.7 93 4.2 0 0
979.9 22.3 91 4.9 0 0
980.3 23.7 88 3.8 0 0.4
980.2 23.9 88 5 0 0.3
979.4 24.1 90 4.8 0 0.3
978.6 24.1 92 3.1 0 0.1
977.6 22.5 97 4.8 0 0
977 24.7 90 4.3 0 0.6
976.8 23.5 93 5.1 0 0.4
977 23.4 92 5.3 0 0.6
977.3 22.8 93 6.6 0 0
977.8 22.7 93 4.5 0 0
978.3 22.1 98 8.3 0 0
977.8 21.7 100 4.7 2 0
978.3 21.8 100 3.7 1 0
978.8 22 100 6.3 3.5 0
979.4 22.2 100 5.2 2.5 0
979.4 21.9 100 8.2 4 0
979 21.8 100 5.3 5 0
978.1 22.3 100 4.7 7.5 0
977.2 22.2 100 4.6 4.5 0
976.7 22.3 100 7.3 2 0
976.5 21.8 100 6.2 1.5 0
976.8 22.2 100 3 2.5 0
977.2 22.1 100 2.3 1.5 0
977.6 22.2 100 5 0.5 0
978.2 22.1 100 3.2 1 0
978.3 23 96 4.3 0 0
978.6 23.3 97 5.4 0 0
979.3 23.9 94 3.6 0 0
979.7 24.8 92 3.1 0 0.4
979.8 26.2 88 3.3 0 0.5
979.3 26.6 86 2.2 0 0.8
978.3 26.9 85 3 0 0.7
977.7 26.8 87 2.9 0 0.9
977 27.4 87 1.9 0 1
977.1 26.4 88 3.5 0 0.6
977.3 24.9 92 1.9 0 0.7
977.6 24 94 1.7 0 0.7
978.1 23.5 95 2.9 0 0
978.7 23.4 96 2.7 0 0
978.5 22.8 98 4.2 0 0
979.2 23.2 97 3 0 0.2
979.7 24 93 2.6 0 0.7
980.5 24.8 89 4.1 0 1
980.7 25.2 90 5.4 0 0.9
980.4 26.2 85 5 0 0.9
979.6 25.2 88 3.7 0 0.7
978.6 22.7 99 9.9 0.5 0
978 22.4 99 13.2 1 0
977.8 22.1 100 14.7 0 0
977.6 21.9 100 12.2 0 0
978.6 21.5 100 7.5 0 0
979.1 21.3 100 10.2 0.5 0
979.8 21.2 100 7.7 0.5 0
981.1 20.5 100 7.5 0 0
982 20.3 100 7.3 0 0
982.9 20.4 100 6.8 0 0
983.6 20.6 98 5.1 0 0
983.7 21.1 95 7.4 0 0
983.2 21.5 94 5.6 0 0
982.4 21.5 95 6.7 0 0
981.8 21.4 93 6.9 0 0
981.4 21.5 95 5.2 0 0
981.3 21.5 97 4.7 0 0
981.3 21.4 97 5.1 0 0
981.9 21.3 99 3.7 0.5 0
982.6 21.3 100 3.3 0 0
982.8 21.4 100 5.5 0 0
982.9 22.6 91 6 0 0
983 22.7 92 7.1 0 0
983.7 23 91 5.2 0 0.1
984.1 23.3 91 5.6 0 0.5
984.1 24 87 5.2 0 0.3
983.8 24.2 87 5.5 0 0.3
982.8 24.5 84 4.5 0 0.5
982 24.5 82 4.6 0 0.6
981.4 23.9 85 5.3 0 0.6
980.9 23.3 87 5.9 0 0.3
980.9 23.2 86 6.3 0 0.2
981.1 23.1 87 6 0 0.2
981.5 22.9 87 5 0 0
982.1 22.7 86 3.6 0 0
980.2 22.3 86 4.6 0 0
980.7 22.5 89 3.9 0 0.3
981.3 23.2 85 4.2 0 0.4
981.6 24 82 4.1 0 0.8
981.3 24.7 81 4.7 0 1
980.8 24.8 80 4.7 0 0.9
979.7 25.2 79 5.2 0 0.9
978.7 24.9 78 3.9 0 0.8
978.3 23.9 82 4.1 0 1
978.2 23.4 82 4 0 1
978.7 23.3 83 3.6 0 1
979.2 22.8 87 4 0 1
979.4 22.6 87 4.8 0 0
980.1 22.7 86 5.1 0 0
979.6 21.8 96 2.9 1 0
980.2 22 92 6.9 0 0
981.1 22 90 6.1 0 0
981.3 21 96 9.8 8.5 0
981.6 22.1 95 4.3 0 0
980.3 20.9 99 20 10.5 0
979.2 19.9 99 19.7 2 0
978.8 19.1 97 19 0 0
979.4 19.4 93 13.7 0 0
979.2 19.1 93 17 0 0
979.9 18.6 96 14 0 0
980.4 18.3 96 16.1 0 0
981.2 17.8 97 12.1 0 0
982 17.6 98 12.6 0.5 0
