1011.9 17.2 92 1.6 0 0
1012.8 17.4 91 3.5 0 0
1013.5 18.4 87 2.9 0 0
1013.9 19.8 84 1.5 0 0
1013.6 19 88 1.8 0 0
1013 19.4 82 2.3 0 0
1012.5 20.3 75 2.6 0 0
1012.1 20.3 77 1.7 0 0.1
1011.7 19.8 75 2.2 0 0
1011.9 19.7 77 3.3 0 0
1012.4 19.2 71 4.2 0 0
1012.9 18.7 66 5.3 0 0
1014 17.4 64 7.6 0 0
1014.9 16.6 61 7.2 0 0
1016.7 12.1 59 5.2 0 0
1017.1 12.3 54 4.4 0 0.3
1017.1 13.5 54 3.9 0 1
1017.5 14.2 52 3.3 0 1
1017.1 15 46 3.1 0 1
1016.4 15.6 42 2 0 1
1015.4 16.8 45 2.2 0 1
1014.2 17.3 45 1.6 0 1
1013.6 16.7 42 1.3 0 1
1013.1 15.9 50 1.4 0 1
1013.1 14.8 50 1.3 0 1
1013.2 13.6 56 2.3 0 0.8
1013.7 13.6 54 1.3 0 0
1014.3 14.6 49 0.6 0 0
1015.6 13.8 59 4.5 0 0
1016 14.7 50 5.5 0 0.2
1016.7 15.6 46 5.4 0 1
1016.9 16.1 47 5.7 0 1
1016.9 17.2 39 4.6 0 1
1016.3 17.7 37 4.8 0 1
1015.8 17.8 37 3.7 0 1
1014.2 17.9 41 3.9 0 1
1013.6 17.7 38 2.7 0 1
1013.3 16.7 32 3.8 0 1
1013.3 15.9 37 3.5 0 1
1013.4 15.6 40 4.3 0 0.8
1013.9 15.2 50 4 0 0
1014.4 15.5 46 4.2 0 0
1013.2 14 71 4.3 0 0
1013.2 14.5 71 3.5 0 0.2
1014 15.6 68 3.6 0 1
1014 16 65 3.1 0 1
1014.1 17 62 3.5 0 1
1013.1 18 56 3.3 0 1
1012.2 18.9 49 2.6 0 1
1011.3 19 49 2 0 1
1010 19 58 2.6 0 1
1010 18 63 2.3 0 1
1010 17.2 66 1.9 0 1
1010.6 15.6 72 1.6 0 0.6
1011.1 16.2 68 2.2 0 0
1011.7 16.1 68 2 0 0
1011.3 15 80 4.1 0 0
1012.1 15.7 75 3.9 0 0.3
1012.5 16.3 74 4.4 0 1
1012.8 17 72 4.6 0 1
1012.6 18.1 69 4.9 0 1
1012 19.1 67 5.1 0 1
1011.6 19.8 63 4.8 0 1
1011.1 20 61 4 0 1
1010.6 19.5 63 4.3 0 1
1010.6 18.9 66 4.1 0 1
1010.8 18.3 70 4.7 0 1
1011.2 17.7 74 4.2 0 0.7
1011.5 17.4 76 3.7 0 0
1011.9 17.6 74 4 0 0
1010.3 16.3 75 5 0 0
1010.8 16.4 73 5.1 0 0
1011.5 17 72 3.7 0 0
1011.5 17.6 69 4 0 0.3
1011 18.1 66 3.8 0 0.1
1010.1 18.7 65 4.2 0 0.2
1009.1 19.2 65 3.8 0 0
1008.1 20 67 3.3 0 0
1007.7 20.5 67 2.7 0 0.2
1007.3 19.2 73 3 0 0.7
1007.1 18.9 77 2.7 0 0.6
1007.4 18.4 81 3.1 0 0.3
1007.6 18.6 82 2.9 0 0
1008.1 18.6 85 3 0 0
1007.7 17.5 84 2.8 0 0
1007.7 17.3 85 3.3 0 0.1
1008.3 18.2 81 2.9 0 1
1008.9 19.7 77 2.4 0 0.9
1008.7 20.8 73 2.5 0 1
1008 20.4 72 1.3 0 0.7
1006.8 21.7 65 2.1 0 0.9
1005.9 22.3 65 1.6 0 1
1005 22.7 65 1.6 0 1
1004.7 21.8 68 2.1 0 1
1004.7 20.7 74 1.1 0 1
1005.2 19.1 80 1.5 0 0.9
1005.6 18.6 84 1.3 0 0
1006.1 18.8 86 2.5 0 0
1006.2 16.9 97 2.6 0 0
1006.8 17.2 96 1.8 0 0.3
1007.4 18.2 93 2 0 1
1008.1 19.2 89 2.3 0 1
1008.3 19.1 85 2.2 0 1
1008 21.7 74 1.6 0 1
1007.4 22.1 72 1.3 0 1
1007 22.1 72 1.2 0 1
1006.6 22.2 76 1.5 0 1
1006.6 22.1 74 1.6 0 1
1006.8 20.9 81 1.3 0 1
1007.4 19.6 89 2.6 0 0.9
1008 19.2 88 2.6 0 0
1008.7 19.2 88 2 0 0
1013.1 17.8 74 6.4 0 0
1014.1 17.6 71 6.7 0 0
1015.2 17.7 73 6.7 0 0
1016.1 17.9 70 6.7 0 0.2
1016.1 18.2 67 7 0 0.6
1015.9 18.2 64 5.5 0 0.6
1015.2 18.8 62 5.6 0 0.6
1014.8 18.4 62 5.8 0 0.9
1014.4 17.6 57 6 0 1
1014.5 17.3 61 6 0 1
1014.9 16.4 68 6.5 0 1
1015.3 16.1 74 6 0 0.3
1015.7 16.1 72 6.5 0 0
1016.2 16.2 73 6.2 0 0
1015.3 15 74 6.5 0 0
1015.8 15.1 74 6.1 0 0
1016.6 15.6 77 6.7 0 0
1016.8 15.9 75 6.7 0 0
1016.7 16.1 76 6 0 0
1016.2 16.3 76 6.3 0 0
1015.6 16.9 76 6.8 0 0
1014.4 16.9 76 6.7 0 0
1013.8 17.2 75 6.3 0 0.2
1013.4 17.1 77 6 0 0.1
1013.3 16.4 81 6.4 0 0.1
1013.7 16.4 81 6.2 0 0
1013.9 16.6 82 7.4 0 0
1014.2 16.6 84 7.3 0 0
1013.5 15.7 77 4 0 0
1013.5 16.2 76 4.1 0 0.1
1014 16.7 74 3.8 0 1
1014.1 16.7 75 4.2 0 0.5
1013.9 18.3 67 3.9 0 0.5
1013.2 19.3 64 3.2 0 1
1012 19.5 65 3.3 0 1
1010.8 19.6 67 2.7 0 1
1009.8 19.8 69 3.1 0 1
1009.3 18.8 76 3 0 1
1009.2 18.1 82 2.7 0 1
1009.5 17.3 86 2.9 0 0.7
1009.7 17.1 88 2.8 0 0
1010.2 17.1 88 2.4 0 0
1008.9 15.6 89 2.2 0 0
1009.5 15.7 88 2.9 0 0
1010 17.3 86 2.2 0 1
1010.5 18.8 75 1.5 0 1
1010.2 19.2 71 0.5 0 1
1009.8 20.3 72 1 0 1
1009 20.6 71 1.3 0 1
1008.2 21.1 68 0.5 0 1
1007.8 21.7 70 1.9 0 1
1007.7 20.7 76 1.8 0 1
1007.9 19.5 83 2.3 0 1
1008.4 18.5 89 2.3 0 0.7
1009.1 18.2 91 2.6 0 0
1009.6 18.2 89 2.6 0 0
1012.5 17 93 3.7 0 0
1013.4 17.6 91 3.3 0 0
1013.8 17.9 87 3.7 0 0.2
1014.1 18.6 84 3.4 0 0.2
1014.1 19.1 84 3.7 0 0.2
1013.5 19.5 81 4 0 0.6
1012.8 19.8 78 4.1 0 0.6
1011.8 19.9 73 4.3 0 1
1011.1 19.5 74 4.1 0 1
1011.2 19.2 75 4.6 0 1
1011.3 18.4 78 4.5 0 1
1011.7 18.1 80 4.5 0 0.5
1012 18.4 65 4.8 0 0
1012.4 18.5 58 4.6 0 0
1011.2 16.6 70 5.8 0 0
1011.7 16.5 72 5.2 0 0
1012.3 17.3 69 4.8 0 0.5
1012.9 19.3 64 3.6 0 0.2
1012.4 19.8 63 4 0 0.4
1012 21 60 3.4 0 0.9
1011 21 63 2.7 0 0.3
1009.8 21.7 62 2.3 0 0.3
1009.2 21.7 63 2.3 0 0.3
1008.9 21.2 65 2 0 0.5
1009.3 19.9 69 1.7 0 0.9
1009.5 19.2 71 2.2 0 0
1010.3 18.8 76 2.1 0 0
1010.9 18.9 79 2.1 0 0
1013.2 18 67 5.5 0 0
1014 17.7 74 5.5 0 0
1014.9 17.6 72 5.9 0 0
1015.2 18.6 68 6.2 0 0.2
1015.6 17.9 69 6.8 0 0
1015.3 18.3 68 7.1 0 0.1
1014.8 17.5 67 6.7 0 0
1013.9 17.4 71 6.7 0 0.2
1013.6 16.8 72 6.2 0 0
1013.7 16.5 74 6.2 0 0
1014.3 16.3 74 6.4 0 0
1014.4 16.2 74 6.1 0 0
1015.2 16.3 75 6.2 0 0
1015.6 16.3 74 5.8 0 0
1016.1 13.1 87 5.5 0 0
1016.7 13.4 82 5.1 0 0
1016.8 14 74 5.3 0 0
1017.9 13.5 77 5.5 0 0
1017.2 13.9 75 5.3 0 0
1017 14.1 66 5.1 0 0
1016.7 14 60 6.1 0 0
1016.2 13.7 60 5.3 0 0
1015.4 13.5 61 5.4 0 0
1015.6 13.6 63 4.5 0 0
1015.7 13.3 61 5.4 0 0
1016.1 13.4 63 4.9 0 0
1016.4 13.6 63 5.2 0 0
1016.4 13.6 62 5.1 0 0
1016.6 12.4 61 5.4 0 0
1017.5 12.4 59 4.5 0 0
1017.1 12.8 59 4.2 0 0
1017.3 12.7 61 4.1 0 0
1017.2 13 60 5 0 0
1016.9 13.2 60 4.3 0 0
1016.4 13.2 60 4.8 0 0
1015 12.9 60 4.5 0 0
1014 12.8 64 4.6 0 0
1014 13.1 59 4.5 0 0
1013.8 13.1 55 4.7 0 0
1014.5 13.3 58 4.3 0 0
1014.5 13.7 60 4.1 0 0
1014.9 14.1 62 4.1 0 0
1014 13.9 59 5.3 0 0
1014.7 14 62 5.7 0 0
1015.1 14.2 63 4.5 0 0
1015.5 14 70 4.2 0 0
1015 14.6 64 4.6 0 0
1015 14.9 70 5.1 0 0
1014.9 14.9 70 5.1 0 0
1013.4 15.1 65 5.9 0 0
1012.9 14.7 61 5.8 0 0
1012.9 14.8 59 4.3 0 0
1012.9 13.1 74 4.4 0 0
1012.6 14.3 69 5.8 0 0
1013.3 14.3 71 5.6 0 0
1013.3 14.4 68 5.1 0 0
1010.1 13.6 89 4.5 0 0
1010.1 13.4 95 4.2 0 0
1010.5 13.4 97 3.5 1 0
1010.2 13.6 98 3.4 2.5 0
1010 13.5 99 3.1 1 0
1009 13.5 99 2.9 2 0
1008 13.8 99 3.1 2 0
1007 13.7 99 4.2 1.5 0
1006.6 13.8 99 3.2 2 0
1006.5 14.2 99 2.6 2 0
1006.2 14.1 99 2.3 0 0
1005.9 14.1 99 1.8 0 0
1007 14.2 99 3.2 0.5 0
1007.2 14.4 99 2.9 0 0
1007 15.3 97 1.3 0 0
1007.6 15 95 1.8 0 0
1007.9 15.5 94 2.5 0 0.6
1008.6 16.7 87 2.4 0 0.5
1008.1 16.9 87 2.8 0 0.7
1007.4 17.2 83 2.7 0 0.3
1006.7 17.5 82 2.3 0 0.1
1006 17 81 2.3 0 0.4
1005.4 17.4 79 3.4 0 0.7
1005.9 16.4 81 3.6 0 1
1006.1 15.5 81 3 0 1
1006.3 15 86 2.8 0 0.8
1006.8 15.1 73 3.4 0 0
1007.6 15.1 63 3.3 0 0
1007.6 14.6 74 2.3 0 0
1008.2 14.8 79 3.5 0 0
1009 15.6 77 2.7 0 0
1009.4 15.9 76 3.3 0 0.2
1008.7 17.6 67 1.9 0 0.9
1008.3 17.4 68 1.7 0 0.7
1007.5 19.2 62 0.5 0 0.5
1006.9 18.9 62 0.8 0 0.3
1006.1 17.9 63 0.3 0 0.1
1006.1 17.9 69 1.8 0 0
1006.4 17 76 0.6 0 0
1007 16.6 73 1 0 0
1007.4 16.9 71 1.7 0 0
1007.7 16.9 66 2 0 0
1009.6 15.2 76 3.6 0 0
1010.2 15.2 73 3.4 0 0.1
1010.6 16 66 3.5 0 1
1011.1 17.6 60 2.9 0 1
1011 17.6 63 3.4 0 1
1010.3 18.7 60 3.8 0 1
1009.4 19.1 61 3.4 0 1
1008.7 19 63 3 0 1
1008 18.6 66 2.2 0 1
1008 18.5 73 1.8 0 1
1008 17.4 75 2.3 0 1
1008.3 16.4 78 2.1 0 0.8
1008.8 16.2 79 2.8 0 0
1009.1 16.5 69 2.7 0 0
1007.9 14.7 82 3.4 0 0
1008.4 15 82 3.7 0 0
1008.9 15.3 84 3.7 0 0.7
1009.3 16.7 79 3 0 1
1009.1 18.3 73 3.4 0 1
1008.4 18.6 71 3.5 0 1
1007.5 19.7 66 2.7 0 1
1006.3 20.2 60 1.1 0 1
1005.5 19.8 64 1.3 0 1
1005.2 19.9 67 0.9 0 1
1005.3 19.2 73 1.4 0 1
1005.7 17.7 82 1.6 0 0.8
1006.4 16.6 85 2 0 0
1006.5 16.4 85 1.7 0 0
1006.3 16.9 90 1.1 0 0
1006.7 16.8 89 1.7 0 0
1007.2 17 88 2.2 0 0
1007.3 17.2 84 1 0 0
1007.6 18.1 80 1.8 0 0
1007.2 18 77 0.8 0 0
1006 19.4 74 1.7 0 0.1
1005.3 19.2 76 1.5 0 0.1
1005 20.2 74 1 0 0.1
1004.7 19.8 75 0.8 0 0.3
1004.5 18.4 76 1.2 0 0.1
1004.6 17.9 78 1.1 0 0
1004.9 18.1 71 1.7 0 0
1005.6 17.8 79 2.2 0 0
1006.2 17.2 85 2.1 0 0
1006.6 17.6 80 0.9 0 0
1006.7 18.3 83 1.3 0 0.6
1007.2 19.3 82 1.7 0 0.5
1007 20.1 74 1.7 0 0.9
1006.5 20.4 72 1.8 0 1
1005.2 20.9 68 1.8 0 1
1004.3 20.9 64 1.8 0 1
1003.6 20.8 71 1.3 0 1
1003 20.5 70 1.9 0 1
1003.4 19.3 79 1.9 0 0.9
1003.8 18.9 83 2.2 0 0.1
1004.3 18.7 81 2.1 0 0
1004.8 18.7 85 1.9 0 0
1004.4 17.9 91 2.2 0 0
1004.7 17.9 90 2.3 0 0
1004.9 19.3 77 2.3 0 0.4
1005.3 19.8 75 1.8 0 0.1
1005.3 19.6 78 2.7 0 0.1
1004.5 21.6 68 1.7 0 0.9
1003.3 24.3 56 1.5 0 1
1002.6 24.2 61 1.7 0 1
1002 23.9 64 2.1 0 1
1002.1 23 72 1 0 1
1002.3 22.6 75 1.1 0 0.7
1002.6 22.8 74 2.4 0 0.3
1003.1 22.2 80 3.6 0 0
1004.1 21.8 83 3.7 0 0
1008.9 15.4 95 4.8 0 0
1009.4 15.7 90 5.1 0 0
1010.8 15.9 90 4.4 0 0
1011.7 15.3 93 5 0 0
1012.3 14.7 97 4.5 0 0
1011.8 15 92 4.7 0 0
1011.2 15.1 90 4.6 0 0
1010.7 15.3 88 4 0 0
1010.3 15.3 88 4.2 0 0
1010.3 15.3 87 4.8 0 0
1010.5 15.2 87 4.8 0 0
1011.1 15.1 86 5.1 0 0
1012.1 15.1 86 4.9 0 0
1012.7 14.5 91 5.4 0 0
1013.7 13.9 83 4.6 0 0
1014 13.7 85 5 0 0
1014.5 13.8 86 5.1 0 0
1015.1 13.9 85 4.7 0 0
1015.2 14.1 84 4.7 0 0
1014.7 14.5 80 5.4 0 0
1013.9 15.4 79 4.1 0 0
1012.9 15.9 78 4.5 0 0
1012.2 16.1 79 4 0 0
1011.7 15.8 81 3.8 0 0
1011.5 15.8 83 3.6 0 0
1012 15.8 84 2.6 0 0
1012.4 15.8 85 3.2 0 0
1012.5 15.8 87 3.1 0 0
1011.1 16.8 92 0.9 0 0
1011.2 17.2 90 1.3 0 0
1011.5 17.9 89 0.5 0 0
1012 18.7 87 1.5 0 0
1012 19.5 84 2.1 0 0
1011.4 20.4 79 1.5 0 0
1010.4 19.1 84 1.6 0 0
1009.4 20 81 0.8 0 0
1008.4 21.4 80 0.7 0 0
1008.1 20.4 83 0.1 0 0
1007.9 20.8 82 0.4 0 0
1007.8 19.5 87 1 0 0.5
1008 18.9 93 2.2 0 0
1008.5 18.6 96 1.3 0 0
1006.3 17.8 100 2.5 0 0
1006.9 17.6 100 3 0 0
1007.2 17.3 100 3.1 0 0
1007.5 17.6 100 2.9 0 0
1007.3 17.9 100 3.3 0 0
1006.4 18.9 99 1.9 0 0.8
1005.2 20 90 4.5 0 1
1003.9 22.1 79 5.2 0 1
1003.3 23.4 73 2.8 0 1
1003 23.7 72 3.8 0 1
1003.1 22.5 78 6.3 0 1
1003.8 22.1 80 6 0 0.9
1004.4 21.8 82 6.3 0 0
1004.9 21.3 85 7.6 0 0
1012.9 11.9 99 6.1 0.5 0
1013.7 11.3 99 6.6 1 0
1014.7 10.9 99 7 1.5 0
1016.2 10.1 98 6.9 1 0
1016.8 10.3 96 6.7 0 0
1016.7 10.3 91 7 0 0
1016.4 9.5 96 7.5 0.5 0
1016.4 9.2 98 7.2 1.5 0
1016.3 9.4 98 6 1 0
1016.6 10 86 6.2 0 0
1016.9 9.9 82 5.9 0 0
1017.5 9.9 79 5.5 0 0
1018.3 9.6 75 5.8 0 0
1019.4 9.8 77 5.6 0 0
