909.7 16.7 94 0.4 0 0
910.5 15.9 98 0.7 0 0
910.9 16 98 1.1 1 0
911.5 16.5 99 1 0 0
911.2 17.3 92 0.6 0 0
910.3 18.3 84 1 0 0
909.6 19.1 87 0.2 0 0
908.9 18.7 95 0.4 0 0
908.2 18.7 85 0.3 0 0
907.8 18.7 82 0.7 0 0
907.8 17.8 97 1.5 0 0
908.1 17.5 97 0.9 0 0
908.4 17.1 98 0.2 0 0
908.8 16.6 99 0.6 0 0
907.5 13.8 100 0.4 0 0
908 13.4 100 0.5 0 0
908.2 13.5 100 0.2 0 0
908.4 13.9 100 0.3 0 0
908.4 13.8 100 0.4 0 0
908 14.2 100 0.2 0 0
907.6 14.5 100 0.3 0 0
906.7 15 100 0.3 0 0
906.2 14.7 99 1 0 0
906.4 15.1 97 0.5 0 0.1
906.6 14.4 100 0.5 0 0.1
906.9 12.7 86 2.7 0 0.3
906.9 13 85 2.9 0 0
907.1 12.7 94 2 0 0
907.7 11.5 83 1.2 0 0
908.3 12.9 68 0.9 0 0.4
908.8 14.3 73 0.5 0 1
908.9 15 72 0.6 0 1
908.5 16.8 70 1.2 0 1
907.8 17.1 64 0.5 0 1
906.8 18.6 59 1.1 0 1
906.4 18.5 64 0.6 0 1
905.6 17.7 60 0.7 0 1
905.4 17.2 61 0.9 0 1
905.5 16.1 64 0.9 0 1
905.7 14 68 1.4 0 0.8
906.1 12.8 70 2.4 0 0
907.1 12.5 70 2.5 0 0
906.9 12 80 1.9 0 0
907.4 11.6 87 0.9 0 0.3
907.6 13.8 70 0.3 0 1
907.9 14.7 69 1.4 0 1
907.8 16.1 65 0.7 0 1
907.3 16.2 65 0.7 0 0.9
906.3 16.2 63 0.4 0 0.4
905.5 16.8 69 0.9 0 0
905 18.2 63 1.4 0 0.9
904.7 17.5 63 0.8 0 0.9
904.8 16.4 70 1 0 1
905.2 14.9 74 0.6 0 0.7
905.3 13.9 78 1.3 0 0
906.1 13.4 84 1.8 0 0
905.2 13.4 81 2.2 0 0
905.7 14.2 78 0.7 0 0.3
906.2 14.7 75 0.4 0 0.4
906.4 15.9 75 0.3 0 0.8
906.2 17.4 67 0.8 0 0.9
905.7 18.1 66 1 0 1
905.5 19.2 61 0.8 0 1
904.7 20.4 61 1.3 0 0.8
904.4 18.9 65 0.7 0 0.3
904.4 18.9 68 1.1 0 0.7
904.8 17.5 72 0.8 0 0.6
905.2 16.3 79 1.5 0 0.1
905.3 15.6 81 2 0 0
905.7 14.9 84 2.4 0 0
905.5 13.4 83 0.8 0 0
906 14.1 79 0.4 0 0.3
906.3 15.5 85 0.4 0 1
906.2 17.3 72 0.5 0 1
906 19.2 58 0.6 0 1
905.2 19.6 54 0.4 0 1
904.4 21 53 0.7 0 1
903.4 21.8 51 0.6 0 1
902.9 21.2 55 0.8 0 1
902.8 19.5 59 2.2 0 1
902.7 18.7 67 0.9 0 1
903 17 72 1.2 0 0.5
903.3 15.7 83 2.5 0 0
903.6 15.4 88 3 0 0
903.7 15 67 0.7 0 0
904.1 15.4 69 0.5 0 0.3
904.6 16.1 68 0.7 0 1
905.3 18.2 56 0.3 0 1
905.2 19.3 55 0.4 0 1
904.5 20 50 0.7 0 1
903.7 21.1 46 1 0 1
902.9 22.1 47 0.6 0 1
902.4 20.8 52 1.3 0 1
902.3 19.9 58 1.4 0 1
902.4 18.9 62 1.5 0 1
902.9 17.3 72 0.7 0 0.4
903.2 16.3 81 1.8 0 0
903.7 15.3 95 2 0 0
903.6 14.9 71 1.4 0 0
903.9 15.3 70 0.3 0 0.3
904.6 16.3 71 0.4 0 1
905.1 18 70 0.4 0 1
905.2 19.3 65 1.1 0 0.4
904.8 20.2 56 0.9 0 1
904.3 21.6 47 0.8 0 1
903.7 21.8 44 0.5 0 1
903.2 21.3 54 0.7 0 1
903.1 20.5 55 0.9 0 1
903.2 19.3 69 0.9 0 1
903.6 17.4 79 0.7 0 0.4
903.7 16 85 2 0 0
904.1 15.4 96 2.5 0 0
905.1 14.6 70 1.7 0 0
905.9 15 67 2 0 0.3
906.5 16 66 1.1 0 1
907 17.6 62 1.1 0 1
907.3 19.8 59 0.8 0 1
906.7 19.7 62 0.5 0 1
906.2 21 56 0.5 0 1
905.6 20.6 66 1 0 0.7
905.3 21 67 0.4 0 0.6
905.1 19.8 69 0.8 0 1
905.3 19.1 72 0.8 0 1
905.9 17.1 81 2.1 0 0.3
906.6 16.4 83 0.7 0 0
907 15.8 85 0.8 0 0
906.9 13.5 89 1.2 0 0
907.3 14.1 87 1.1 0 0.3
908 16.4 74 0.2 0 1
908.5 17.8 66 0.8 0 1
908.3 18.6 65 0.6 0 1
907.9 18.9 67 0.9 0 1
907.4 19.5 68 0.4 0 0.8
906.6 20.2 63 1 0 1
906.1 19.3 66 1.8 0 0.9
906 19.6 66 1.2 0 0.9
906.1 17.9 74 0.9 0 1
906.4 16.8 80 0.8 0 0.2
907 16.2 84 2.2 0 0
907.4 16.1 85 1.9 0 0
907.1 14.6 93 1.5 0 0
907.3 14.6 94 0.8 0 0.3
907.5 16 74 0.6 0 1
907.6 17.8 70 0.2 0 1
907.4 17.6 71 0.4 0 0.6
906.8 19.4 62 0.6 0 0.8
905.9 19.6 67 0.6 0 1
904.8 21.2 65 0.6 0 1
904 20.2 70 1.3 0 1
903.8 19 78 1 0 1
904 17.1 88 0.9 0 0.4
904.1 15.9 95 2.2 0 0
904.4 15.4 97 2.2 0 0
905.3 16 93 1.4 0 0
904.9 16 71 0.2 0 0
905.3 17.1 66 0.5 0 0.2
905.8 18.4 68 0.3 0 0.7
905.9 19.6 64 0.3 0 0.9
905.9 21.9 47 0.8 0 1
905.6 21.9 56 1.2 0 1
905.2 22.1 55 1.1 0 0.8
904.6 21.2 62 1.5 0 1
904.3 21.4 64 0.8 0 0.2
904.4 21.1 63 1.1 0 0.3
904.5 20.1 68 0.4 0 0.3
904.7 18.7 78 0.7 0 0.3
905.1 18.1 80 1.8 0 0
905.4 18.3 77 0.7 0 0
906.1 17.9 69 0.2 0 0
906.6 18.1 70 0.5 0 0.2
907 19.4 63 0.7 0 1
907.2 21.3 51 0.5 0 0.8
907.2 22.8 55 0.8 0 0.9
906.6 23.7 53 0.4 0 1
905.8 24.2 53 0.6 0 1
905.1 24.1 57 0.8 0 1
904.8 23.4 61 1.1 0 1
904.7 22.5 63 1 0 1
904.9 21.1 69 1.2 0 1
905.5 19.6 77 1.1 0 0.3
905.8 18.8 85 2.4 0 0
906 18.7 83 2.3 0 0
906.7 17.2 87 1.6 0 0
907.4 17.6 84 1 0 0.1
907.8 18.3 86 0.7 0 0
908.4 19 84 0.4 0 0
908.5 19 81 0.6 0 0
908.1 20.1 79 0.3 0 0
907.6 21.6 75 0.9 0 0
906.7 22.2 63 1.3 0 0.3
906.4 22 69 0.6 0 0.1
906.2 20.6 83 0.6 0 0
906.2 20.2 84 0.3 0 0
906.8 19.4 87 1.1 0 0
907.3 18.9 90 0.9 0 0
908 18.4 90 1.5 0 0
907.4 17.5 90 1.5 0 0
907.5 17.2 96 1.7 0 0
908.1 18.6 85 1.8 0 0
908.2 19.6 85 0.6 0 0
908.4 20.3 81 1 0 0
907.9 20.8 91 0.6 0 0
907.5 22.3 82 1.2 0 0.1
906.5 21.4 82 0.9 0 0.3
906 22.5 74 0.9 0 0.2
905.8 21.2 78 0.3 0 0.4
906.1 20.8 75 0.6 0 0.1
906.4 19.7 90 1.2 0 0
906.9 19.7 88 1.5 0 0
907.3 19.4 91 1.6 0 0
907.6 17.4 99 1.4 0 0
908 17.6 97 0.3 0 0
908.3 18.2 99 0.5 0 0
908.6 17.7 99 0.7 0 0
908.6 18.5 98 0.9 0.5 0
908.4 18.1 99 0.5 0 0
907.6 19.2 99 0.4 0 0
906.7 19.4 94 0.8 0 0.1
906.4 18.9 92 0.3 0 0
906.2 18.7 93 0.8 0 0.1
906.3 18.8 92 0.4 0 0
906.3 17.3 96 0.9 0 0
906.7 17.4 95 0.3 0 0
907.1 17.3 98 0.2 0 0
908 15.6 99 0.6 0 0
908.4 15.6 99 0.8 0 0
909.1 16.1 99 0.8 0 0
909.1 16.8 99 0.9 0 0
909.3 17.9 99 0.6 0 0.3
908.7 18.8 96 0.6 0 0.4
908 19.8 82 0.6 0 0.7
907 20.6 80 0.3 0 0.4
906.3 20.5 78 0.5 0 0
905.9 21.2 74 0.4 0 0.6
906.1 19.5 82 0.3 0 0.8
906.7 19.2 82 0.9 0 0.3
906.9 18.4 84 0.8 0 0
907.4 18.2 87 0.9 0 0
907.3 16.9 87 1 0 0
907.4 17 84 2.1 0 0
908 17.2 86 1.4 0 0
908.4 18.2 86 0.3 0 0
908.5 18.2 84 0.7 0 0
907.7 20.4 74 0.3 0 0
907.4 20.1 80 0.5 0 0.1
906.8 19.6 79 0.9 0 0
906.2 18.8 85 3.1 0 0
906.5 16.7 89 3.5 0.5 0
906.4 18.1 80 1.6 0 0
906.4 17.3 88 1.7 0 0
906.4 18.8 73 2.5 0 0
906.6 18.2 81 0.8 0 0
904.9 15.6 98 1.3 0 0
905.3 16.3 94 0.3 0 0
905.8 16.4 96 1.6 0 0
905.8 17.2 94 0.6 0 0
905.7 17.6 95 0.5 0 0
904.8 17.1 96 0.8 0 0
904.2 17.2 94 0.6 0 0
903.7 16.2 99 1 0.5 0
903.1 16.1 99 1.7 0.5 0
903 15.7 99 2.1 1 0
903.3 15 99 1.9 0.5 0
903.8 14.9 99 1.4 0.5 0
903.9 14.5 99 1.1 0.5 0
904 14.3 99 2.4 0.5 0
903.1 16.6 90 1.4 0 0
903.7 16.1 95 0.5 0 0
903.9 16.8 97 0.2 0 0
904.2 18 95 0.2 0 0
904 18.7 84 0.3 0 0.3
903.3 19.7 88 0.5 0 0.4
902.1 20.3 85 0.6 0 0.1
901.2 21.2 77 0.8 0 0.1
901.1 20 87 1 0 0.3
901.1 18.8 89 1 0 0
901.3 18.2 92 0.8 0 0.8
901.7 17.5 93 1.2 0 0.3
902.3 16.5 98 2.6 0 0
902.5 17 96 1.3 0 0
903.6 14.9 99 1.8 0 0
904.2 15.2 99 0.9 0 0
904.7 15.4 99 0.8 0 0
904.9 15.9 99 1.1 0 0
904.9 15.7 99 1.5 0 0
904.4 15.9 99 0.3 0 0
903.9 16.2 99 0.4 0 0
903.1 16.6 99 0.6 0.5 0
902.5 16 99 0.6 0 0
903 15.9 99 0.3 0 0
903.1 15.4 99 0.3 0 0
903 15.3 99 0.7 0 0
903.5 15.1 97 1.2 0 0
903.8 15.4 99 0.9 0.5 0
903.2 15.1 84 1.4 0 0
903.6 15.5 81 2.1 0 0
903.9 15.8 82 1.9 0 0
904.6 16.8 78 1.7 0 0
904.7 18.1 77 1.7 0 0.2
904.3 19.5 73 1.1 0 1
903.5 19.7 74 0.7 0 0.9
902.9 18.6 79 1.1 0 0.3
902.6 18.5 79 1.9 0 0.3
902.5 17.5 83 1.7 0 0.5
902.7 17.6 82 1 0 0.7
903.1 16.1 90 2.3 0 0.2
903.7 15.9 89 1.4 0 0
904.1 15.7 87 1.9 0 0
904.6 14.1 90 0.5 0 0
904.9 14.1 94 0.6 0 0.1
905.4 15.7 86 0.3 0 1
905.8 17.2 82 0.3 0 1
905.8 19.2 70 0.7 0 1
905.5 20.1 62 0.9 0 1
904.9 21 59 1.4 0 1
904.1 21.4 60 0.7 0 1
903.6 21.5 62 0.8 0 0.9
903.4 19.2 74 1.2 0 0.3
903.8 18.3 78 1 0 0.7
903.7 17.5 82 0.2 0 0.3
904.1 16.8 84 2.5 0 0
904.5 17.2 83 1.8 0 0
904.2 15.8 74 0.4 0 0
905 15.2 71 2.1 0 0.1
905.6 17.6 65 1.1 0 1
906 19.5 65 0.6 0 1
905.5 20.1 65 0.4 0 1
904.8 21.4 62 0.8 0 1
904.1 22.3 57 0.9 0 1
903.4 22.6 56 0.5 0 1
903.1 22 62 1.1 0 1
902.9 21.3 62 0.9 0 1
902.8 20.5 64 0.9 0 1
902.9 18.9 71 1.7 0 0.3
903.2 18.4 72 2.3 0 0
903.5 18.1 74 2.4 0 0
903.7 18.4 68 0.9 0 0
904 19.3 69 1.2 0 0.1
904.4 20.9 64 0.3 0 1
905 21.8 62 0.4 0 1
904.9 22.1 64 0.9 0 1
904.2 23.4 58 0.7 0 1
903.3 24.3 59 0.6 0 1
902.7 24.1 61 0.8 0 1
902 24.4 63 0.8 0 1
901.7 23.6 65 1 0 1
901.8 22.8 69 1.4 0 1
902.2 21.2 77 0.9 0 0.2
902.8 19.3 89 2.8 0 0
903.3 19.1 88 2.9 0 0
903.9 19 82 0.3 0 0
904.5 19 83 0.6 0 0
904.6 20.7 79 0.4 0 1
905 21.6 75 0.7 0 1
905.3 23.3 68 0.8 0 1
904.9 23.5 69 0.8 0 0.9
904.1 24.7 65 0.6 0 0.9
903.3 25.2 68 0.4 0 0.6
903 25 69 0.7 0 1
903 22.7 79 0.9 0 0.9
903.2 21.5 86 0.8 0 0.9
903.5 20.2 91 1.9 0 0.2
904.1 19.8 91 2.1 0 0
904.7 19.8 92 2 0 0
904.4 18.1 96 1 0 0
904.8 18 96 0.9 0 0
905.3 19.7 88 0.1 0 1
906 21.2 80 0.9 0 1
906.2 22.4 69 0.8 0 1
905.8 23 70 0.9 0 0.8
905.1 22.4 73 0.2 0 0
904.5 23.6 77 1.4 0 0.5
904.1 23.5 76 1.2 0 1
903.9 21.9 84 1 0 0.3
904 21.1 86 1.2 0 0.8
904.5 20.1 92 1.3 0 0.2
905.3 19.4 94 1.3 0 0
905.8 19.4 92 0.3 0 0
906.6 18.4 96 0.9 0 0
906.9 18.1 98 0.8 0 0
907.5 19.4 93 0.7 0 0.9
908.2 21.1 78 0.2 0 1
908.6 20.4 80 0.5 0 0.5
908.2 22.9 74 0.9 0 0.3
907.6 21.4 78 0.5 0 0.1
907.1 23 75 1.3 0 0.5
906.7 21.6 78 0.6 0 0.1
906.6 21.5 79 0.5 0 0
906.6 21.5 78 0.4 0 0.5
907 20.1 80 0.7 0 0.2
907.5 19.6 80 0.9 0 0
908 19.6 79 1.4 0 0
907.6 17.9 64 0.7 0 0
907.9 17.3 82 1.4 0 0
908.1 19.4 67 0.4 0 1
908.5 21.2 54 0.7 0 1
908.8 21.6 50 1.4 0 1
908.6 22.7 53 0.4 0 1
907.9 23.1 56 0.6 0 1
907 23.6 58 0.6 0 1
906.3 23.2 65 1.1 0 1
905.9 22.4 67 0.9 0 1
906 21.4 73 0.8 0 1
906.3 19.5 82 1.9 0 0.2
906.7 18.8 88 2.5 0 0
907 18.3 90 1.4 0 0
905.9 16.6 92 0.2 0 0
906.2 16.3 98 1.1 0 0
906.5 17.3 93 0.2 0 0.9
906.6 18.5 86 0.3 0 0.9
906.3 20.1 75 0.9 0 1
906 21.8 68 1.5 0 1
905.3 23 65 1.2 0 1
904.8 23.7 63 0.7 0 1
904.2 23.1 70 0.9 0 1
904.2 22.5 71 1.6 0 0.9
904.3 21.3 74 0.7 0 0.9
904.5 19.8 79 1.5 0 0.2
905.1 19.2 80 0.9 0 0
905.3 18.3 86 1.3 0 0
905.7 17.2 80 0.9 0 0
906 15.8 89 1.3 0 0
906.4 18.1 67 1 0 1
906.8 19.5 65 0.9 0 1
906.9 20.9 65 0.5 0 1
906.4 21.6 63 0.5 0 1
905.7 22.4 62 1.2 0 1
905.1 21.5 71 0.9 0 1
904.9 21.2 69 1.1 0 0.9
904.8 18.4 78 2.2 0 0.1
905.3 16.8 82 0.9 0 0
905.7 16.2 82 2.3 0 0
906.2 16.1 84 1.6 0 0
906.8 16.2 84 0.8 0 0
