1019.8 21.6 91 0.1 0 0
1020.3 21.8 91 0.2 0 0.3
1020.9 23.9 82 0.5 0 1
1021 25.5 71 1.2 0 1
1020.4 28 59 1.2 0 0.9
1019.1 29.6 52 1.7 0 0.9
1018.2 29.8 48 2.1 0 0.8
1017 30.7 46 2 0 1
1016.3 29.9 52 1.6 0 1
1016.1 28.7 58 2.1 0 1
1016.3 27.6 64 2.4 0 1
1017.2 25.3 72 1.7 0 0.8
1017.6 23.8 76 1.5 0 0
1018.2 22.8 78 1.9 0 0
1019.4 17.7 68 1.4 0 0
1019.8 17.6 69 0.7 0 0
1020.1 18.8 65 1 0 0
1020.6 19.6 61 1 0 0
1020.4 20.2 58 1.1 0 0
1019.9 21.5 54 1.5 0 0.2
1019 22.9 52 1.6 0 1
1018.2 23.9 52 1.4 0 1
1017.5 24 53 1.4 0 1
1017.3 24.5 51 1.2 0 1
1017.2 23.7 54 1.6 0 1
1017.9 22.6 47 1.5 0 0
1018.3 21.3 51 1.1 0 0
1018.7 20 56 0 0 0
1019.9 14 73 0.2 0 0
1020.6 14.4 72 0.4 0 0.1
1021.1 16.3 70 0.4 0 1
1021.2 18.8 66 0.6 0 1
1020.8 21.5 60 0.8 0 1
1019.7 24.2 54 0.5 0 1
1018.7 24.6 52 1.7 0 1
1018.3 24.5 52 3.6 0 1
1017.4 24.5 53 3.1 0 1
1017.1 24 51 2.6 0 1
1017 23.2 52 2.2 0 0.7
1017.4 21.8 55 2 0 0.2
1018.2 20.9 58 1.9 0 0
1019.3 18.4 68 0.5 0 0
1019.1 13.5 92 0 0 0
1019.2 14.8 90 0.3 0 0.3
1019.6 19.1 69 0.4 0 1
1019.4 21.9 59 0.2 0 1
1019.3 23.8 53 1.3 0 1
1018.6 24.6 53 2.4 0 1
1017.6 24.6 54 2.1 0 1
1016.5 24.7 57 2.1 0 1
1015.8 24.9 55 2 0 1
1015.7 24 56 2.8 0 1
1015.7 23.2 57 2.2 0 1
1016.3 22.5 59 1.3 0 0.8
1016.6 20.5 69 0.3 0 0
1017.4 19.3 75 0.4 0 0
1017 15.6 96 0 0 0
1017.6 16.6 95 0 0 0.2
1018.2 19.1 81 0.2 0 1
1018.2 22.3 64 0.5 0 1
1017.5 23.9 55 0.7 0 1
1016.8 26.1 47 1.8 0 1
1016.1 26.8 48 1.2 0 1
1015.5 26.2 52 3.3 0 1
1015 25.1 55 3.4 0 1
1015 25.2 50 2.6 0 1
1015.6 24.1 54 2.2 0 1
1015.9 22.9 60 1.9 0 0.3
1016.3 21.7 63 1.3 0 0
1016.9 20.4 73 0.5 0 0
1016.5 16.3 90 0.6 0 0
1016.8 17.2 88 0.2 0 0.4
1017.1 20.7 68 0.3 0 1
1017 23.8 58 0.3 0 1
1016.4 25.3 51 1.2 0 1
1015.6 26.8 45 1.5 0 1
1014.7 27.7 43 1.1 0 1
1013.4 28.6 48 2.6 0 1
1012.9 27.5 53 3 0 1
1012.7 27.2 47 2.9 0 1
1012.8 25.3 56 2.5 0 1
1013.2 23.3 62 2 0 1
1013.6 21.2 74 0.8 0 0
1014.1 20.3 79 0.2 0 0
1014.8 15.8 93 0.1 0 0
1014.9 16.2 95 0.4 0 0.4
1015.4 20.1 73 0.2 0 1
1015.6 23.9 56 0.6 0 1
1015.3 25.9 49 0.8 0 1
1014.5 27.1 44 1 0 1
1013.5 28.6 50 1.5 0 1
1012.6 28.3 47 3.3 0 1
1012.1 27.8 53 3 0 1
1011.9 27.1 56 2.2 0 1
1011.9 26.1 53 2.5 0 1
1012.3 24.3 65 1.8 0 1
1012.9 22.1 75 1.2 0 0
1013.5 20.6 79 0 0 0
1014 15.9 91 0.4 0 0
1014.4 16.9 88 0.1 0 0.4
1014.8 20.7 72 0.6 0 1
1015.4 24.3 59 0.5 0 1
1015.3 25.7 48 1.1 0 1
1014.8 27.1 42 1.2 0 1
1014 28.1 47 2.1 0 1
1013.1 28.7 44 3.5 0 1
1012.6 27.4 50 3.1 0 1
1012.7 27.2 50 2.8 0 1
1012.7 26.3 47 2.1 0 1
1013.2 24.5 63 2 0 0.8
1013.5 22.6 74 0.7 0 0
1014 22.3 78 0.1 0 0
1015.7 16.5 97 0.5 0 0
1016.6 17.2 97 0.3 0 0.3
1017.2 21 81 0.2 0 1
1017.6 24 69 1.5 0 1
1017.6 26 63 1 0 1
1017.2 27.5 58 2.2 0 1
1016.5 27.4 53 2.5 0 1
1015.8 27.9 54 2.9 0 1
1015.3 26.9 54 3.5 0 1
1015.4 25.8 63 3.3 0 1
1015.7 25.3 62 2.1 0 1
1016.5 24.1 67 1.5 0 0.4
1017 22.1 77 0.3 0 0
1017.6 22.6 69 0.5 0 0
1018.1 16.1 98 0 0 0
1018.8 16.6 98 0.1 0 0.2
1019.4 19.8 84 0.1 0 1
1019.5 23 69 0.8 0 1
1019.5 24.9 57 1.4 0 1
1018.9 25.5 56 2.5 0 1
1018.3 26.9 54 3.1 0 1
1017.2 27.4 51 2.5 0 1
1016.6 27.4 50 2.9 0 1
1016.4 26.1 56 2.9 0 1
1016.6 25.3 63 2 0 1
1017.2 23.5 68 1.7 0 0.6
1017.7 21.8 78 0.6 0 0
1018.4 20.5 86 0 0 0
1017.8 17.1 97 0.3 0 0
1018.3 17.4 98 0.2 0 0.3
1018.6 20.4 83 0.2 0 1
1018.6 23.2 69 0.2 0 1
1018.1 24.8 61 0.6 0 1
1017.4 26.9 57 1.3 0 1
1016.4 27 56 1.7 0 1
1015 27.7 56 2.9 0 1
1014.6 26.7 60 2.6 0 1
1014.1 26.5 62 2.9 0 1
1013.9 26.1 63 1.8 0 1
1014.4 24.5 65 1.2 0 0.8
1015 22.8 72 0.3 0 0
1015.7 21.7 77 0.2 0 0
1014.8 17.9 98 0.1 0 0
1015.4 18.2 98 0 0 0.2
1016 20.3 87 0.7 0 0.8
1016.3 22.5 76 0.6 0 0.5
1016.2 24.3 68 1 0 0.5
1015.6 25.6 62 0.7 0 0.1
1015.2 26.4 57 1.2 0 0
1014 27.4 53 1.7 0 0.3
1013.4 28.1 53 0.8 0 0.6
1012.9 28.5 51 1.3 0 1
1012.9 27.8 55 0.5 0 0.5
1013.4 26.6 61 1.2 0 0
1014.1 25.3 68 0.7 0 0
1014.4 24.5 71 0.6 0 0
1016.3 18.7 90 0.1 0 0
1017.1 19 90 0.3 0 0.1
1017.4 21.3 80 0.5 0 0.9
1017.6 22.4 75 0.6 0 0.4
1017.4 24.3 71 0.9 0 0.5
1016.7 26.6 66 0.9 0 0.1
1015.8 27.9 60 1.9 0 0.4
1015 28.7 58 3.2 0 0.8
1014.6 27.2 63 2.8 0 0.9
1014.4 25.9 68 2.6 0 0.5
1014.5 26.2 67 2.7 0 0.9
1015 24.8 72 2 0 0.6
1015.6 24.4 75 0.7 0 0
1016 24.1 78 0.6 0 0
1016.2 19.8 98 0.1 0 0
1016.8 20.5 98 0 0 0.1
1017.6 23.6 80 0.5 0 0.6
1017.9 26 73 0.3 0 1
1018 27.3 56 0.9 0 0.9
1017.5 27.8 59 2.3 0 0.1
1016.6 29.2 51 2.4 0 0.3
1015.8 27.7 59 2.7 0 0
1015.2 27.8 58 2.6 0 0.1
1015.1 28.2 46 2.2 0 0.5
1015.4 26.9 60 1.6 0 0.2
1015.9 26.1 74 0.9 0 0
1016.3 25.1 81 0.2 0 0
1017.2 25 77 0.4 0 0
1017.1 22.3 92 0.2 0 0
1017.4 22.6 91 0.1 0 0
1017.9 23.1 86 0.8 0 0.1
1018.1 24.5 77 0.8 0 0.3
1018 25.5 71 0.5 0 0
1017.4 27.3 62 1 0 0.3
1016.4 28.5 59 1.1 0 0.4
1015.5 28.9 58 3.3 0 0
1014.8 28.8 59 1.9 0 0.3
1015 28 66 1.9 0 0
1015.4 26.9 69 2.2 0 0
1016 25.9 70 1 0 0
1016.7 25.2 70 0.5 0 0
1017.5 24.8 71 0.5 0 0
1018.1 20.5 84 0.6 0 0
1018.6 20.7 84 0.1 0 0
1019.2 21.3 81 0.9 0 0
1019.4 21.8 78 0.9 0 0
1019.4 22.8 76 0.9 0 0
1019 24.1 72 1.1 0 0
1018.1 23.5 74 0.9 0 0
1017.1 24.1 72 1.2 0 0
1016.5 26.2 65 0.8 0 0.9
1016.3 25.7 66 0.5 0 0.2
1016.4 24.9 68 0.6 0 0
1016.8 23.6 69 0.5 0 0
1017 22.5 72 0.6 0 0
1017.6 21.4 73 1.4 0 0
1019.3 18.1 77 0.6 0 0
1019.9 18.3 77 0.6 0 0
1020.3 18.9 77 0.2 0 0
1020.6 20.3 71 0.7 0 0.2
1020.1 22.4 69 0.8 0 1
1019.3 24.6 62 0.3 0 1
1018.4 25.6 59 0.8 0 1
1017 27.3 55 1.6 0 1
1016.2 26.5 60 3.2 0 1
1016 26.4 62 2.8 0 1
1016.2 25.4 66 1.9 0 1
1016.7 24 69 0.6 0 0.6
1017.5 22.9 70 0.5 0 0
1018 21.9 74 0.3 0 0
1018 18.9 85 0.4 0 0
1018.3 19.3 84 0.6 0 0
1018.7 20.6 79 0.4 0 0.3
1019.2 21.3 76 0.8 0 0
1018.8 23.6 69 0.9 0 0.2
1018.1 24 67 0.9 0 0
1017.6 25.3 64 0.8 0 0
1016.7 25.4 63 0.7 0 0
1016 26 63 0.5 0 0
1015.9 25.8 63 0.9 0 0
1016 25.1 66 0.4 0 0
1016.1 23.9 73 0.6 0 0
1016.7 23.4 76 0.3 0 0
1016.8 22.7 79 0.1 0 0
1014.9 19.6 91 0.7 0 0
1014.9 19.7 91 0.1 0 0
1015.8 20.4 90 0.2 0 0
1015.8 21.6 84 0.3 0 0
1015.2 23.8 77 1 0 0.3
1014.5 24.8 70 1.6 0 0.5
1013.7 25.9 65 1.4 0 0.3
1012.8 26.1 64 1.2 0 0.2
1011.8 27 59 1.6 0 0.6
1011.7 26.4 62 1.5 0 0.7
1012.2 25.3 65 0.8 0 0
1012.6 23.9 71 1.3 0 0.1
1012.8 23.5 71 0.9 0 0
1013 23 74 0.9 0 0
1013 20.8 89 1.1 0 0
1013.5 20.7 89 0.7 0 0
1013.7 21.2 87 1.2 0 0
1013.9 22.8 80 0.9 0 0
1013.6 23.8 75 1.3 0 0
1012.8 26.1 64 1 0 0.7
1011.7 27.3 60 1.3 0 1
1010.7 28.3 54 1.1 0 1
1010.5 27.8 64 3.4 0 1
1010.6 26.4 69 3.4 0 1
1011 24.9 74 3.3 0 0.9
1011.7 24 75 2.2 0 0.2
1012.4 23.2 76 1.2 0 0
1012.9 22.3 77 0.4 0 0
1014 19.4 85 0.7 0 0
1014.2 19.8 83 0.7 0 0
1014.7 20.9 78 1 0 0.6
1015 23.4 68 1.2 0 1
1014.7 25.4 63 0.9 0 0.9
1014.1 26.4 58 1.3 0 0.8
1013.2 27.1 57 1 0 0.8
1012.2 27.3 56 1.9 0 0.9
1011.8 27.2 56 2.7 0 1
1012.1 26 60 1.6 0 0.6
1012.3 23.6 70 1.9 0 0
1012.7 22.8 71 1.6 0 0
1013 22.3 74 0.8 0 0
1013.5 21.4 77 1.3 0 0
1014.1 17.5 78 0 0 0
1014.5 18.7 71 0.1 0 0
1015.2 19.5 69 0.3 0 0
1015.6 21.2 70 0.4 0 0.2
1015.2 24.2 65 0.8 0 1
1014.8 26.2 57 1.9 0 1
1013.9 27.3 50 2.2 0 1
1013.1 26.9 55 2.6 0 0.8
1012.6 26.5 52 2.8 0 1
1012.4 25.6 58 2.8 0 0.9
1012.8 24.9 57 2.5 0 1
1013.3 23.7 62 0.8 0 0.6
1014 22.3 70 0.1 0 0
1014.5 21.4 77 0.3 0 0
1015.1 19.8 88 0.1 0 0
1015.5 18.7 94 0.3 0 0
1015.8 21.5 78 0.3 0 0.4
1016.5 23.3 69 0.5 0 0.5
1016.4 23.8 67 1.3 0 0
1015.9 25.4 59 1.2 0 0.5
1015.1 25.5 61 0.8 0 0
1014.1 26.4 58 1.3 0 0.5
1013.2 27.4 55 1.9 0 0.9
1012.9 26.4 59 2 0 1
1013 25.5 60 2.6 0 1
1013.3 24 66 1.7 0 0.8
1013.8 22 77 0.1 0 0
1014.1 20.7 84 0.1 0 0
1014.1 18.7 92 0.2 0 0
1014.7 19 86 0.2 0 0
1015.2 20.7 80 0 0 0.8
1015.8 24.1 68 0.6 0 0.9
1015.5 25.7 59 0.6 0 0.9
1014.5 27.9 49 0.9 0 1
1013.1 29.1 45 0.9 0 1
1012.1 29.8 46 2 0 1
1011.5 29.4 48 3.2 0 1
1011.4 28.8 47 2 0 1
1011.3 27.3 54 2.3 0 0.3
1011.6 25.8 57 2.4 0 0.4
1011.9 26.1 53 0.3 0 0
1012.4 24.6 60 0.2 0 0
1012.5 20.6 90 0.2 0 0
1013.2 20.3 93 0 0 0
1013.6 23.1 76 0.1 0 1
1014 25.2 67 0.7 0 1
1013.7 27.3 59 0.5 0 1
1013.1 28.6 53 0.9 0 1
1012 30.2 45 1.5 0 1
1011.2 30.1 59 4 0 1
1010.5 29.7 59 2.7 0 1
1010.1 28.7 64 3.2 0 0.7
1010.2 27.9 68 1.7 0 0.6
1010.9 26.7 74 1.2 0 0.4
1011.5 25.6 79 0.3 0 0
1012 24.9 82 0.1 0 0
1012.6 22.7 92 0.2 0 0
1013.5 23 90 0 0 0
1014.2 24.3 84 0.3 0 0
1014.4 26 73 0.4 0 0.2
1014.3 28.5 66 1.2 0 0.7
1013.8 28.9 66 1.5 0 0.4
1013 29.7 62 1.2 0 0.6
1012.3 27.4 73 3.2 0 0.1
1011.6 28.4 68 1.3 0 0
1011.5 29 65 0.5 0 0.4
1011.6 28.1 69 2.6 0 0
1012 27.1 74 1 0 0
1012.6 25.1 84 0.2 0 0
1013.3 24.1 91 0.1 0 0
1013.3 22 99 0.1 0 0
1013.9 22.1 100 0.1 0 0
1014.5 24.3 87 0.7 0 0.7
1015.2 25.9 78 1.5 0 1
1015.4 27.4 71 1.5 0 1
1014.7 29.1 65 1 0 1
1013.9 30.2 61 1.2 0 1
1013.1 29.8 64 1 0 0.4
1012.6 29.4 69 3.3 0 0.2
1012.5 28.9 71 2.3 0 0.3
1012.6 27.8 74 2.9 0 0.2
1013.4 26.8 77 1.9 0 0
1014 25.7 83 1.1 0 0
1014.8 25.4 80 0.4 0 0
1016.4 19.2 90 0.1 0 0
1017 19.1 92 0 0 0
1017.7 20.7 86 0.3 0 0.5
1018.5 22.6 78 1 0 1
1018.6 24.2 74 0.5 0 1
1018.1 26.6 69 0.8 0 1
1017.2 28.5 65 2 0 1
1016.5 28.4 65 2.6 0 1
1016.1 28.2 65 2.6 0 1
1015.7 27.7 67 2.9 0 1
1015.8 26.7 71 1.9 0 0.9
1016.3 25.8 74 1 0 0.1
1017 24.2 83 0.8 0 0
1017.6 23.6 88 0.1 0 0
1018 20.6 100 0.1 0 0
1018.3 20.5 100 0 0 0
1018.7 21.5 99 0.2 0 0
1019 23.6 88 0.5 0 0
1019.1 25.5 78 1 0 1
1018.7 26.7 71 1 0 0.9
1017.6 27.4 68 0.6 0 0.4
1016.6 28.6 65 2.6 0 0.4
1016 28.3 64 2.5 0 1
1015.5 27.5 68 2.7 0 1
1015.3 26.7 72 2.3 0 1
1015.7 25.5 78 1.9 0 0.5
1016.1 24.2 84 1.7 0 0
1016.5 23.3 87 0.1 0 0
1015.7 19.9 100 0.4 0 0
1016.4 20.8 100 0.3 0 0
1016.7 21.7 100 0.6 0 0.3
1016.6 23.5 92 0.7 0 1
1016.1 26.3 76 0.8 0 1
1015.3 28 56 0.7 0 1
1014.4 29.3 60 1.8 0 1
1013.5 29.7 54 1.6 0 1
1013 29.8 54 2.2 0 1
1012.3 29.9 54 0.7 0 1
1012.5 28.3 63 2.6 0 1
1013.2 26.4 75 1.8 0 0.6
1013.8 25 83 1.4 0 0
1014.5 24.1 79 0.8 0 0
1014.8 20.1 99 0 0 0
1015.9 20.3 99 0.5 0 0
1016.3 22.7 88 0.4 0 1
1016.3 25.3 72 0.9 0 1
1016.7 27.4 61 1.2 0 1
1016.4 28.2 59 1.6 0 1
1015.6 27.7 61 2 0 0.8
1014.9 28.1 58 2.9 0 1
1014.8 26.7 56 2.3 0 1
1014.8 26 56 1 0 0.4
1015.4 24 57 1.4 0 0.2
1016.5 21.9 58 1.5 0 0
1017.3 20.6 60 1.3 0 0
1018.3 18.8 65 1.2 0 0
