1018.7 23.1 80 2.4 0 0
1019 23 80 3.1 0 0.2
1019.8 23.5 79 3.2 0 0.1
1019.9 24.8 71 3.3 0 0
1019.2 26.4 62 3.5 0 0.2
1018.1 28.1 52 3.1 0 0.5
1017.4 28.4 48 4.8 0 0.2
1016.5 27.6 63 6.3 0 0.3
1015.6 27.2 67 6 0 1
1015.5 26.6 69 6 0 1
1015.8 25.6 71 5.4 0 1
1016.4 24.2 72 7.2 0 0.7
1017 23 76 5.1 0 0
1017.6 22.5 70 6.7 0 0
1018.4 17.9 62 6.8 0 0
1018.8 18.3 58 6.3 0 0
1019.1 18.8 54 7.2 0 0
1019.4 19.2 51 7 0 0
1019.3 20.5 47 7.5 0 0
1018.7 21.5 46 5.1 0 0
1018 21.7 45 6.5 0 0
1017.1 22.5 43 5.1 0 0
1016.4 23.2 42 5.4 0 0.7
1016.3 23.3 42 5.4 0 1
1016.4 22.3 45 5.7 0 1
1017 21.1 50 5.3 0 0.2
1017.3 19.9 53 6.2 0 0
1017.8 19.1 55 5.2 0 0
1018.6 15.2 38 4.3 0 0
1019.4 15.4 39 4.2 0 0
1020.1 16.2 42 5.4 0 0.9
1020.1 18.3 43 3.7 0 1
1019.7 20.3 42 3.1 0 1
1018.6 21.9 40 2.6 0 1
1017.9 23.2 43 2.8 0 1
1017.2 24.2 38 4.2 0 1
1016.2 24.2 38 3 0 1
1015.9 23.8 41 4.3 0 1
1015.8 23.1 43 3.7 0 1
1016.3 22 46 4.3 0 0.7
1016.9 20.6 52 3.4 0 0
1018.1 19.6 54 4 0 0
1017.7 16.5 64 1.3 0 0
1018.1 16.6 70 0.9 0 0.3
1018.3 18.7 65 0.8 0 1
1018.3 21.2 56 0.2 0 1
1018.3 22.2 53 2.3 0 1
1017.5 23.2 49 2 0 1
1016.4 23.6 48 1.7 0 1
1015.3 24.5 46 2.7 0 1
1014.6 24 45 2.8 0 1
1014.4 24.4 46 2.7 0 1
1014.4 23.7 49 2.8 0 1
1014.9 23.2 51 1.9 0 0.9
1015.3 22.1 56 3.1 0 0
1015.9 21.7 57 3.9 0 0
1015.7 18.7 78 2.8 0 0
1016.3 19.1 75 2.1 0 0.2
1016.9 20.6 68 2.4 0 1
1016.9 22 63 3.1 0 1
1016.4 23.4 53 3.1 0 1
1015.8 24.7 51 4.7 0 1
1015.2 24.6 52 4.3 0 1
1014.4 25 48 3.4 0 1
1013.9 25.3 49 2.7 0 1
1013.8 24.1 54 2.8 0 1
1014.2 23.4 58 3.7 0 0.8
1014.6 23.4 54 3.4 0 0.1
1015 23 58 2.7 0 0
1015.6 22.6 65 2.2 0 0
1015.2 19.7 70 0.9 0 0
1015.6 19.9 67 1.1 0 0.3
1015.9 21.3 62 1 0 1
1015.7 23.7 58 2.7 0 1
1015.4 24.9 54 3.5 0 1
1014.4 25.5 51 3.4 0 1
1013.3 26.7 44 1.7 0 1
1012.3 27.2 42 3.3 0 1
1011.8 27.4 41 3.8 0 1
1011.6 26.1 47 3.2 0 1
1011.4 25.5 50 3.1 0 1
1012 24.4 57 3.5 0 0.9
1012.5 23 69 2.4 0 0
1012.9 22.7 68 2 0 0
1013.3 19.5 70 1.6 0 0
1013.7 19.8 67 1.9 0 0.3
1014.1 21.6 61 1.6 0 1
1014.3 24.4 56 0.3 0 1
1014 25.9 58 1.1 0 1
1013.3 26.2 54 1.3 0 1
1012.4 27.3 49 2.6 0 1
1011.4 27.4 50 3.1 0 1
1010.9 27.4 50 3.2 0 1
1010.7 26.7 50 4 0 1
1010.9 25.6 57 3 0 1
1011.3 24.6 58 3.2 0 0.9
1011.7 23.8 63 3.1 0 0
1012.1 23.3 69 3.7 0 0
1012.7 19.8 78 0.6 0 0
1013.1 19.9 80 1.1 0 0.3
1013.5 21.7 74 1.2 0 1
1014.2 23.4 64 1.9 0 1
1014 25.2 57 2.5 0 1
1013.7 26.6 49 1.5 0 1
1012.8 27.5 42 2.2 0 1
1011.9 27.8 40 1.3 0 1
1011.2 27.9 47 4.5 0 1
1011.4 27.2 49 4.2 0 1
1011.5 26 57 4 0 1
1012 24.7 65 5.1 0 0.8
1012.4 23.6 73 3.9 0 0
1012.8 23.2 73 4.1 0 0
1014.1 20.1 82 1.4 0 0
1015.2 20.4 75 1.9 0 0.3
1015.7 21.9 69 1.7 0 1
1016.4 23.6 64 1.3 0 1
1016.4 24.3 66 1.2 0 1
1015.9 26.5 54 2.2 0 1
1015.2 26.7 52 2.4 0 1
1014.6 26.4 58 3 0 1
1014.2 27 49 2.9 0 1
1013.9 27 48 3.4 0 1
1014.4 26 54 2.6 0 1
1015.3 24.9 58 4.5 0 0.8
1015.9 23.3 62 4.6 0 0
1016.5 22.8 62 2.5 0 0
1016.8 18.4 78 1.6 0 0
1017.5 18.8 76 1.6 0 0.2
1018 20.8 70 0.5 0 1
1018.4 23.1 59 1.4 0 1
1018.4 24 58 2.3 0 1
1017.7 25.2 52 2.4 0 1
1016.9 25.6 53 3.7 0 1
1015.9 26.6 50 3.1 0 1
1015.4 26 52 2.9 0 1
1015.1 25.9 53 3.1 0 1
1015.2 25.1 58 4.1 0 1
1015.9 24.2 61 3.4 0 0.8
1016.4 23.6 69 2.2 0 0
1017 23.3 73 2 0 0
1016.6 19.5 85 1.6 0 0
1017.1 19.6 85 1 0 0.2
1017.3 21 78 0.8 0 1
1017.4 22.1 73 2.9 0 1
1017.1 23.3 67 2.6 0 1
1016.3 24.9 60 2 0 1
1015.2 25.9 52 1.7 0 1
1013.8 26.5 52 1.8 0 0.8
1013.2 26.2 58 4.6 0 0.8
1012.9 26 58 4.1 0 1
1012.9 24.9 62 3.8 0 1
1013.3 23.3 66 5.9 0 0.7
1013.8 22.4 73 5.5 0 0
1014.5 21.8 75 4.8 0 0
1013.7 19.8 84 2.6 0 0
1014.3 19.5 84 4.1 0 0.1
1014.8 20.7 79 2.5 0 0.9
1015 22.6 70 3.1 0 0.7
1014.8 24.2 62 4.9 0 0.3
1014.5 25.5 60 4.9 0 0.1
1013.8 26.7 57 3.4 0 0.5
1013 27.3 55 4.1 0 0.7
1012.2 26.7 62 5.1 0 0.7
1011.9 27.1 59 3.9 0 0.7
1012.1 26 66 4.6 0 0.9
1012.4 25.2 66 4.1 0 0.3
1012.9 24.3 65 4.7 0 0
1013.4 23.6 62 5.2 0 0
1015.3 19.1 84 3.3 0 0
1015.8 19.3 83 3.3 0 0.1
1016.3 20 80 3.8 0 0.9
1016.5 21.8 72 2.5 0 0.9
1016.1 24.6 63 1.8 0 1
1015.5 26 60 1.3 0 0.9
1014.5 27.1 56 1.7 0 0.6
1013.6 27 57 3 0 0.8
1013.1 27.4 55 3.4 0 1
1013.1 26.5 60 3.1 0 0.7
1013.1 26.1 60 1.5 0 0.3
1013.4 26 60 1 0 0.3
1014.1 25.1 66 1.4 0 0
1014.7 25 65 1.2 0 0
1015 23.1 73 1.6 0 0
1015.8 23.6 74 1.4 0 0
1016.1 24.1 73 1.8 0 0.2
1016.6 25.1 69 1.5 0 0.1
1016.6 26.5 63 1.9 0 0
1016.1 26.9 60 1.8 0 0.1
1015.5 27.5 57 1.7 0 0.3
1014.4 27.8 56 2.7 0 0.5
1013.9 28.6 54 2.3 0 0.3
1013.7 27.9 57 2.8 0 0.5
1014.1 27.9 58 3.7 0 0.8
1014.7 26.3 66 2.8 0 0.4
1015.2 25.7 67 2.5 0 0
1016 25.6 57 2.4 0 0
1015.8 22.5 77 4.2 0 0
1016.4 22.7 74 3.2 0 0
1016.8 23.1 70 4.1 0 0
1016.9 24.5 63 3.8 0 0.2
1016.8 25.3 60 3.3 0 0.1
1016.2 26.2 59 2.7 0 0.1
1015.3 26.9 58 3.3 0 0.5
1014.5 27.7 54 3.4 0 0.2
1013.7 27.1 65 4.8 0 0.7
1013.9 26.9 64 3.5 0 0.8
1014.5 26 64 3.2 0 0
1014.9 24.6 69 3.8 0 0
1015.7 23.6 73 4.5 0 0
1016.4 23.2 74 3.6 0 0
1017 20.4 80 3.9 0 0
1017.4 20.5 80 3.9 0 0
1018.1 20.4 81 5.3 0 0
1018.3 21.3 78 3.3 0 0
1018.5 22.8 73 3.7 0 0.3
1018 21.9 75 4.3 0 0
1017 22.5 72 4.6 0 0
1016 24.1 66 4.1 0 0.9
1015.4 24.7 64 4.2 0 0.9
1015.3 24 64 3.5 0 0.1
1015.4 23.4 66 4.4 0 0.2
1015.7 22.3 70 3.6 0 0.5
1016.2 20.8 72 5.4 0 0
1016.7 20.2 74 4.8 0 0
1018.2 18 75 3.6 0 0
1018.7 18 74 3 0 0
1019.3 18.2 73 4 0 0
1019.4 19.4 70 2.1 0 0.2
1019.2 21.6 65 4.1 0 1
1018.4 23.1 62 2.7 0 1
1017.1 24.8 59 3.4 0 1
1016.1 26 57 3 0 1
1015 25.9 58 3.6 0 1
1014.9 25.1 61 4.1 0 1
1015.2 23.6 65 4.9 0 1
1016 22.8 69 4 0 0.7
1016.3 21.5 74 3.2 0 0
1016.9 20.8 77 2.4 0 0
1016.5 19.2 80 2 0 0
1017 19.2 80 1.1 0 0
1017.7 19.8 79 1.6 0 0
1017.9 20.7 76 2.1 0 0
1017.4 21.8 72 2.1 0 0
1017 23.5 66 1.8 0 0
1016.5 23.9 67 2.3 0 0
1015.5 24.4 65 1.5 0 0
1015.1 24.8 65 1.2 0 0
1014.9 24.3 68 1.3 0 0
1014.9 23.5 73 1.5 0 0
1015 23.1 74 1.5 0 0
1015.5 22.1 78 2 0 0
1015.6 21.7 80 1.4 0 0
1013.6 20 85 1.5 0 0
1013.9 20 85 1.5 0 0
1014.6 20.3 85 1.6 0 0
1014.8 21.2 82 1.6 0 0
1014.5 23 74 1.9 0 0
1013.3 24.3 68 2.9 0 0
1012.7 24.6 68 5.3 0 0.1
1011.7 25 66 5.4 0 0
1010.9 25.3 65 4.4 0 0.5
1010.9 25 65 5.4 0 0.1
1011.5 23.8 71 6.7 0 0
1011.6 23.6 74 3.4 0 0
1011.7 23.1 73 4.3 0 0
1012 22.7 73 4.8 0 0
1012 20.2 87 4.1 0 0
1012.5 20.3 86 4.1 0 0
1012.5 21.2 81 3.8 0 0.2
1012.9 22 77 5.5 0 0
1012.4 23.7 70 4.4 0 0.4
1011.5 25.1 65 5.8 0 1
1010.4 26.3 62 4.2 0 1
1009.5 26.8 62 2.7 0 1
1009.4 26.5 64 3.7 0 1
1009.4 25.5 68 3.9 0 1
1009.9 23.9 72 5.2 0 1
1010.5 22.7 76 5.8 0 0.8
1011.2 22 77 5.7 0 0
1011.8 21.4 79 4.1 0 0
1012.9 20.3 77 3.1 0 0
1013.3 20.3 77 3.8 0 0
1013.6 20.9 77 4.4 0 0.2
1014.1 22.7 70 3.8 0 0.3
1014 23.8 68 4.3 0 0.5
1013.3 24.7 63 5.2 0 0.6
1012.5 24.1 67 5.2 0 0.6
1011.4 25.7 63 4.1 0 0.7
1011.2 24.4 66 5.4 0 0.4
1011.5 23 72 6.4 0 0
1011.4 22.3 72 6 0 0.1
1011.8 22.1 72 5.1 0 0
1012 21.3 77 5.3 0 0
1012.3 20.8 76 4.4 0 0
1012.8 19.3 56 3.8 0 0
1013.3 18.8 56 3.1 0 0
1013.7 19 57 2.8 0 0.4
1014.2 20.1 56 3.6 0 1
1014.3 22.7 54 1 0 1
1013.5 23.8 54 1.5 0 1
1012.7 24.8 55 0.2 0 1
1011.7 26.7 49 1 0 1
1011.2 26.7 46 1.3 0 1
1011 26.3 47 1.5 0 1
1011.3 25.3 52 1.4 0 1
1011.8 24.4 58 2 0 0.7
1012.5 23.5 62 1.8 0 0
1013.1 23 63 2.2 0 0
1013.9 20.3 73 0.7 0 0
1014.2 20.5 73 1.1 0 0
1014.7 20.7 69 2.2 0 0.2
1015.3 22 65 2.1 0 0.4
1015.1 24.4 59 1.1 0 1
1014.8 25.4 57 1.2 0 0.3
1013.7 26 54 2.6 0 0.6
1012.8 26.8 53 2.3 0 1
1012.1 25.8 54 3.7 0 1
1011.8 26.2 52 2.7 0 1
1011.7 25.5 52 3.1 0 1
1012 24.4 58 2.7 0 1
1012.4 23.6 64 2.1 0 0
1012.8 23.1 72 1.3 0 0
1012.9 20.1 85 2.2 0 0
1013.4 20.1 85 0.9 0 0.1
1014.1 21.8 73 1.4 0 1
1014.5 23.5 62 3.1 0 1
1014.2 25.6 55 2.4 0 1
1013.3 27.4 46 1.2 0 1
1012 28.4 43 2.6 0 1
1011 29.1 41 2.3 0 1
1010.4 28.8 40 3.5 0 1
1010.3 28 45 3.7 0 1
1010.3 27.3 45 4.2 0 0.9
1010.7 25.7 55 3.7 0 0
1011 25.2 55 1.9 0 0
1011.2 24.7 58 3.1 0 0
1011.2 22.7 63 2.2 0 0
1012 22.2 67 3 0 0.2
1012.3 23.1 65 3.2 0 0.8
1013 24.5 62 3.1 0 1
1012.6 26.3 57 2.3 0 1
1011.8 28.3 50 3.7 0 1
1010.8 29.5 48 3 0 1
1009.8 29.8 52 2 0 1
1009.1 29.8 55 2.6 0 1
1008.7 29.2 58 3.7 0 1
1008.9 28.1 61 3.9 0 0.8
1009.5 26.9 64 3.7 0 0.7
1010.2 26 71 3.2 0 0
1010.7 25.6 74 2.4 0 0
1011.5 23.8 90 1.1 0 0
1012.1 24 90 1.2 0 0
1012.7 24.4 88 1.1 0 0
1013 25.3 82 0.4 0 0.2
1013.1 27.2 70 0.6 0 0.9
1012.8 27.2 70 1.1 0 0.2
1012.1 27.5 68 1.4 0 0
1010.9 28.5 66 1.7 0 0.2
1010.4 28.8 66 0.9 0 0.2
1010.2 29.2 64 1.2 0 0.4
1010.2 28.5 66 2 0 1
1010.6 27.4 67 2.2 0 0.2
1011.3 26.3 71 1.4 0 0
1012 25.9 75 0.5 0 0
1012 24.3 80 2.7 0 0
1012.6 24.2 85 2.7 0 0
1013.3 24.7 88 2.5 0 0.6
1014 25.8 81 3.2 0 1
1014.1 27.7 71 2.9 0 0.9
1013.5 28.5 67 3.3 0 0.9
1012.9 29 65 3.7 0 0.7
1012.1 28.6 69 4.6 0 0.9
1011.6 28.5 67 3.5 0 0.3
1011.4 28.3 67 3 0 1
1011.6 27.4 70 3.5 0 1
1012.2 26.2 73 2.8 0 0.5
1013 24.6 76 4.5 0 0
1013.8 23.5 78 5 0 0
1015.3 20.1 81 3.6 0 0
1015.7 19.9 82 4.4 0 0
1016.6 20.5 80 3.4 0 0.1
1017.3 21.7 75 2.5 0 0.5
1017.4 23.1 71 3.3 0 1
1016.9 25.5 65 2.8 0 1
1016.1 26.6 65 1.3 0 1
1015.3 27.4 63 1 0 1
1014.7 28.1 61 2.8 0 1
1014.4 27.4 64 2.9 0 1
1014.5 26.8 67 2.7 0 1
1015 25.5 72 2.6 0 0.6
1015.7 24.5 78 3.3 0 0
1016.2 24.3 77 2.5 0 0
1016.6 21.9 90 2.9 0 0
1017.1 21.9 89 2 0 0
1017.4 22.3 86 2.5 0 0
1017.8 24 78 1.6 0 0.9
1018 25.3 73 2 0 1
1017.5 26.4 68 1.2 0 0.8
1016.4 27.2 66 1.8 0 0.8
1015.3 27.3 63 1.9 0 0.4
1014.7 27.1 66 2.8 0 0.3
1014.2 27.5 66 2.5 0 0.7
1014.2 25.9 72 3.5 0 1
1014.5 24.9 77 2.3 0 0.5
1015 23.8 82 3 0 0
1015.3 23.4 84 2.5 0 0
1014.4 21.9 95 1.5 0 0
1015.1 21.9 96 1.6 0 0
1015.3 22.5 92 1.5 0 0.2
1015.2 23.7 85 2 0 0.9
1014.8 26.2 73 0.7 0 1
1014 27.5 61 0.5 0 1
1013.1 28.1 56 0.5 0 1
1012.6 28.9 55 2.2 0 0.9
1011.8 29.3 50 2.1 0 1
1011.2 29.5 55 1.5 0 1
1011.4 28.5 63 3.8 0 1
1011.9 26.4 69 2.7 0 0.6
1012.7 25.6 72 2.6 0 0
1013.2 24.9 73 2.7 0 0
1013.8 22.4 84 2 0 0
1014.5 22.3 85 3.2 0 0
1015.3 23.2 80 2.1 0 1
1015.5 25.3 69 2.3 0 1
1015.3 26.2 71 4.1 0 1
1015.3 26.1 66 4 0 1
1015.1 25.2 61 5.2 0 1
1014.4 24.8 56 5.1 0 1
1014.2 24.7 54 5.5 0 1
1014.3 23.3 56 5.6 0 1
1014.7 21.4 58 7 0 1
1015.6 19.9 61 6.6 0 0.8
1016.6 18.5 65 5.9 0 0
1017.4 17.1 68 6.2 0 0
