1012.2 22.7 80 0.7 0 0
1012.8 22.9 80 0.3 0 0
1012.9 23.2 78 0.6 0 0
1013.2 24.1 73 0.3 0 0
1012.9 25.1 68 0.7 0 0
1012 25.7 63 0.5 0 0
1011.4 24.6 75 2.1 0 0
1010.8 24.9 73 2.9 0 0.1
1010.2 24.3 74 3.5 0 0.5
1010.1 24 73 2.8 0 0.7
1010.7 22.9 76 2.3 0 0.3
1011.2 22.3 72 3.4 0 0
1011.6 21.9 74 2.9 0 0
1012.1 21.7 76 2 0 0
1012 17.6 60 2.9 0 0
1012.7 17.7 56 2.8 0 0
1013 17.6 57 4.1 0 0
1013.3 18.9 54 2.7 0 0.5
1013.1 20.4 49 3 0 1
1012.2 21.3 47 2.6 0 1
1011.6 21.4 46 4.1 0 1
1010.5 22.6 42 2.4 0 1
1009.9 22.4 40 3.9 0 1
1009.9 22 39 3.1 0 1
1010.1 20.7 44 3.8 0 1
1010.5 19.2 49 2.4 0 0.9
1010.8 18 53 2.6 0 0
1011.1 17.2 56 2.5 0 0
1012.4 15.3 38 2.2 0 0
1013.1 15.5 40 2.2 0 0
1013.6 16.8 39 1.4 0 0.9
1013.5 18.6 37 2.6 0 1
1012.8 20.4 36 2.3 0 1
1011.8 21.5 35 3.4 0 1
1010.8 22 36 3.9 0 1
1010 22.6 35 3.1 0 1
1009.1 23.1 36 2.7 0 1
1008.7 22 39 3.1 0 1
1008.8 21.2 40 3 0 1
1009.3 19.9 45 2.4 0 0.9
1009.9 18.7 48 2.1 0 0
1010.9 17.6 51 1.1 0 0
1010.9 13.4 82 0.3 0 0
1011.4 14.3 79 0.3 0 0
1011.7 16.7 65 0.2 0 0.8
1011.6 19 62 0.2 0 1
1011.4 21.5 50 0.7 0 1
1010.7 23 48 0.6 0 1
1009.5 24.6 45 1.1 0 1
1008.3 24.3 42 1 0 1
1007.7 24.7 42 2 0 1
1007.4 23.5 50 1.9 0 1
1007.6 22.9 56 2.3 0 1
1007.9 21.7 63 1.8 0 0.8
1008.3 21 66 1.3 0 0
1009.1 20.5 67 1.5 0 0
1008.4 17.1 82 0.5 0 0
1009.1 17.3 82 0.8 0 0
1009.5 19.4 70 0.5 0 0
1009.6 21.4 56 0.5 0 0.5
1009.2 23.1 51 1.4 0 1
1008.6 24.6 45 1.3 0 1
1008 24.7 44 1 0 0.8
1007.1 25.1 43 1.4 0 0.4
1006.4 25.6 42 1.1 0 0.7
1006.4 25.7 42 1.5 0 1
1006.8 24.2 54 2.3 0 0.3
1007.3 23.6 56 1.8 0 0
1007.6 23 60 1.4 0 0
1008.1 22.2 64 1 0 0
1008.4 16.1 83 0.3 0 0
1008.9 16.6 81 0.2 0 0
1009.2 19.4 69 0.7 0 0.8
1009 22 57 0.3 0 1
1008.7 23.4 53 0.9 0 1
1007.5 24.9 46 0.8 0 1
1006.4 25.9 42 1.5 0 1
1005.1 26.6 46 1.8 0 1
1004.6 26.4 47 2.2 0 1
1004.4 25.5 53 2.1 0 1
1004.3 24.9 55 1.9 0 1
1004.6 23.9 66 2.4 0 0.8
1004.9 23 71 1.6 0 0
1005.3 22.4 76 0.5 0 0
1006.3 16.1 81 0.5 0 0
1006.9 16.7 79 0.6 0 0
1007.2 19 65 0.2 0 0.8
1007.8 21.4 56 1.1 0 1
1007.4 23.6 50 0.3 0 1
1006.5 25.6 44 0.9 0 1
1005.4 27.1 40 0.9 0 1
1004.3 27.4 39 1.1 0 1
1003.8 26.6 54 2.6 0 1
1003.7 25.4 58 2.2 0 1
1003.8 25 59 1.6 0 1
1004.4 23.7 62 1.1 0 0.7
1004.9 23 65 2.3 0 0
1005.4 21.7 72 0.2 0 0
1006.2 16.9 83 0.3 0 0
1006.4 17 79 0.5 0 0
1007 19.4 68 0.5 0 0.7
1007.5 21.5 62 0.6 0 1
1007.3 23.6 54 0.8 0 1
1006.6 26 44 0.8 0 1
1005.7 27 43 1.4 0 1
1005.3 26.9 52 1.4 0 1
1004.8 27 48 2.5 0 1
1004.5 25.8 55 2.2 0 1
1004.8 24.9 63 3.2 0 1
1005.1 24 64 3 0 0.8
1005.4 23 71 2 0 0
1005.8 22.7 72 2.1 0 0
1007.9 17.5 88 0.5 0 0
1008.9 17.5 85 0.5 0 0
1009.4 19.4 77 0.2 0 0.7
1009.7 21.3 68 0.3 0 1
1009.9 23.8 52 1.2 0 1
1009.1 25.6 50 0.7 0 1
1008.4 26 49 1.2 0 0.9
1007.6 27 47 1.9 0 1
1007.2 25.6 50 2.9 0 1
1007 24.9 51 2.5 0 1
1007.4 23.9 53 2.6 0 1
1008.2 22.7 57 1.9 0 0.6
1008.8 21.7 61 1.9 0 0
1009.4 20.7 64 1.9 0 0
1009.8 16.7 87 0.5 0 0
1010.5 17.1 85 0.3 0 0
1011 19.1 76 0.3 0 0.7
1011.3 21.3 67 0.3 0 1
1011.1 23.3 58 0.8 0 1
1010.5 24.6 51 1 0 1
1009.7 26.1 50 1.3 0 1
1008.7 26 49 0.9 0 1
1007.9 26.5 47 0.7 0 1
1007.7 25.8 52 1.4 0 0.5
1007.8 25.3 53 2.2 0 1
1008.4 24 58 2.3 0 0.7
1009 22.6 63 2.1 0 0
1009.5 21.7 67 1.1 0 0
1010 19.8 77 1.6 0 0
1010.4 19.6 78 1 0 0
1010.5 20.5 76 2 0 0.6
1010.5 22.2 68 2.1 0 1
1010.1 23.1 66 2.1 0 1
1009.5 23.2 64 2.2 0 1
1008.4 24.1 63 2.2 0 1
1007 24.4 61 2.3 0 0.8
1006 24.7 61 2.2 0 1
1005.9 23.9 64 1.6 0 1
1006 23.1 67 3.2 0 1
1006.2 22.1 71 2.4 0 0.4
1006.8 21.5 73 2.9 0 0
1007.6 21.3 74 1.1 0 0
1007.1 18.1 87 0.2 0 0
1007.6 18.6 84 0.5 0 0
1008.1 20.1 74 0.7 0 0.6
1008.1 22.1 62 0.5 0 1
1008 24.9 51 0.9 0 1
1007.4 25.5 59 1.7 0 1
1006.7 26.4 56 2.1 0 0.9
1005.9 27.1 54 2.5 0 1
1005.6 26.8 58 2.3 0 1
1005.4 26.2 59 2.2 0 0.9
1005.6 25.3 59 3.3 0 0.7
1005.7 24.7 58 1.9 0 0.9
1006.2 24.1 62 1.7 0 0
1006.7 23.3 67 1.2 0 0
1008.3 18.8 77 1.1 0 0
1008.8 18.3 80 0.5 0 0
1009.1 19.9 73 0.4 0 0.4
1009.2 22.3 62 0.9 0 0.8
1008.8 24.7 53 0.8 0 1
1007.8 26.7 50 1.1 0 1
1006.9 28.1 45 1 0 1
1006.1 28.6 44 1.2 0 1
1005.4 29.1 43 1.3 0 1
1005.2 28.7 42 2.1 0 1
1005.4 28.2 44 1.3 0 1
1006 26.9 46 1.4 0 0.9
1006.5 24.9 51 0.8 0 0
1006.9 23.3 59 0.6 0 0
1008.4 22.1 76 0.2 0 0
1009 22.8 76 0.4 0 0
1009.5 23.6 74 0.2 0 0
1010.1 24.4 66 1 0 0
1010.1 25.1 64 0.9 0 0
1009.7 26.2 59 1.3 0 0
1008.8 27 55 2.4 0 0.2
1008 27.6 55 2.3 0 0.2
1007.4 27.6 53 2.9 0 0.3
1007.2 27.4 47 3.1 0 0.8
1007.4 27.4 48 2.5 0 0.4
1007.9 26.1 51 2.3 0 0.4
1008.2 26 54 1.7 0 0
1008.9 22.1 87 0.7 1 0
1009.3 21.4 84 0.4 0 0
1009.3 22.6 64 0.8 0 0
1009.4 23.5 61 0.5 0 0.3
1009.7 24.7 56 1 0 0.2
1009.7 25.6 54 1.1 0 0.6
1009.5 25.8 56 1.2 0 0
1008.9 25.9 61 2 0 0
1007.8 25.6 61 1.9 0 0
1007.1 26.1 59 2.2 0 0.1
1007.1 25 61 3.3 0 0.2
1007.5 24.2 63 2.6 0 0.2
1007.9 23.3 64 2.4 0 0
1008.5 22.7 65 2.6 0 0
1009.1 22.3 68 2.3 0 0
1010.6 19.7 82 2.5 0 0
1010.9 19.8 80 2.6 0 0
1011 20.2 78 1.9 0 0.1
1011.4 20.6 76 2.7 0 0
1011.7 20.7 72 2.9 0 0
1011.3 21.5 69 2.4 0 0
1010.7 21.6 67 1.8 0 0
1009.5 21.9 66 2 0 0
1009 22.2 66 2.3 0 0
1008.8 21.6 65 2.6 0 0.3
1009.1 20.2 69 3.1 0 0.1
1009.3 19.8 70 2.3 0 0
1009.5 19.4 71 2.2 0 0
1010.2 18.6 73 2.8 0 0
1011.4 17.9 73 1.1 0 0
1012.1 17.9 73 1.3 0 0
1012.4 18.3 74 1.5 0 0
1012.7 18.5 74 1.5 0 0
1012.4 21.3 68 1.7 0 0.3
1011.4 22.1 66 0.8 0 0.7
1010.3 23.8 63 0.6 0 0.5
1009.6 23.7 58 2.4 0 0.8
1008.6 23.9 59 2.4 0 0.9
1008.2 23.4 61 2.2 0 0.9
1008.2 23.3 61 1.6 0 0.7
1008.9 21.8 66 2.1 0 0.2
1009.2 20.7 70 2.1 0 0
1009.9 20.2 73 1.9 0 0
1010 19 81 0.6 0 0
1010.3 19 81 0.9 0 0
1010.6 19.9 78 0.9 0 0
1010.9 20.9 75 1.4 0 0
1011.1 21.5 74 1.5 0 0
1010.6 21.7 74 2 0 0.1
1009.3 22.6 72 0.5 0 0
1008.7 23.6 69 1.7 0 0
1008.8 22.4 72 2.4 0 0
1008.2 23.3 69 1.3 0 0.1
1008.1 23.1 70 1.7 0 0
1008.2 21.7 74 3.4 0 0
1008.2 20.9 77 1.5 0 0
1008.8 20 80 2.3 0 0
1006.8 19.4 89 0.2 0 0
1007.8 19.5 92 0.2 0 0
1008.4 20.4 89 0.5 0 0
1008.2 21.4 84 1 0 0
1008.1 22.4 80 0.8 0.5 0
1007.3 22.5 80 1.7 0 0
1006.9 22.1 84 2 0 0
1006 20.8 92 0.6 1.5 0
1005.1 21.2 92 0.7 0 0
1004.8 21.9 90 0.5 0 0
1005.4 21 90 0.5 0.5 0
1006 21.1 90 1.7 0 0
1006.1 20.7 91 1.2 0 0
1005.9 20.5 94 0.8 0 0
1005.6 20.2 84 1.4 0 0
1006 20.4 82 1.8 0 0
1006.3 21 80 0.6 0 0
1006.3 21.6 78 1.8 0 0
1006 23.7 69 2.3 0 1
1004.9 24.6 66 1.8 0 1
1003.6 25.1 66 2 0 1
1002.8 25 63 2 0 1
1002.7 24.3 65 2.2 0 1
1002.8 23.4 67 3 0 1
1002.8 23.2 69 2.1 0 0.9
1003.4 21.6 75 2 0 0.5
1004.2 20.6 78 1.9 0 0
1004.3 20.6 78 1.4 0 0
1006.4 19.7 85 0.4 0 0
1006.9 19.8 85 0.4 0 0
1007 20.6 82 0.4 0 0
1007.6 20.9 79 1 0 0
1007.4 20.9 82 0.2 0 0
1006.9 21.1 76 1.6 0 0
1006.3 21.4 77 1 0 0
1005.7 21.2 78 1.7 0 0
1004.9 21.1 76 1.8 0 0
1005.6 20.5 79 1.9 0 0
1005.6 20.1 84 1.3 0 0
1005.7 20.1 83 1.1 0 0
1006.2 19.7 84 1 0 0
1006.4 19.5 81 2.9 0.5 0
1005.9 15.6 65 0.4 0 0
1006.6 15.7 67 0.3 0 0
1006.8 18.3 54 1 0 0.5
1007.2 20.6 50 1.7 0 1
1007.2 22.6 46 1.1 0 1
1006.5 24.2 44 0.6 0 1
1005.5 25 43 1.3 0 1
1004.7 25.9 46 1.6 0 1
1004.2 25.9 45 1.3 0 1
1004 25.6 45 2 0 1
1004.2 25.1 47 2.2 0 1
1004.6 23.7 51 1.7 0 0.8
1005.3 22.5 56 1.2 0 0
1005.8 21.6 59 1.2 0 0
1007 17.2 88 0.3 0 0
1007.4 17.3 88 0.4 0 0
1008 19.1 77 0.2 0 0.6
1008.3 21.5 61 0.4 0 1
1008.2 23.7 55 0.4 0 1
1007.5 24.8 51 1.5 0 1
1006.6 25.9 53 1.5 0 1
1005.6 26.3 53 1.5 0 1
1005.1 26.6 54 1.3 0 1
1004.9 25.1 60 2.1 0 1
1005 24.1 66 1.6 0 1
1005.1 23.1 71 2.2 0 0.7
1005.6 22.4 74 1.2 0 0
1006 21.8 78 0.9 0 0
1006.1 17.5 85 0.2 0 0
1007.3 17.8 84 0.6 0 0
1007.8 20 78 0.8 0 0.6
1007.8 22.8 58 0.5 0 1
1007.2 24.2 53 0.6 0 1
1006.4 26.4 49 0.9 0 1
1005.3 27.7 43 0.9 0 1
1004.3 28.2 48 1 0 1
1004.1 27.8 43 2.1 0 1
1003.9 27.5 43 1.9 0 1
1003.7 26.5 44 1.8 0 1
1003.9 25.6 48 1.9 0 0.9
1004.4 24.1 53 2.8 0 0
1004.6 23.5 63 1.1 0 0
1004.9 21.1 76 0.5 0 0
1005.2 21.3 77 0.6 0 0
1005.8 22.7 71 0.6 0 0.5
1006 24.4 65 0.3 0 0.8
1005.7 26.9 56 0.8 0 1
1004.7 29.5 51 1.5 0 1
1003.5 29.9 47 2.4 0 1
1002.6 30.4 49 2 0 1
1001.7 30.6 49 2.4 0 1
1001.5 29.4 52 2.4 0 1
1001.7 28.3 59 2.5 0 1
1002.2 27.2 62 2.4 0 1
1003.1 26.2 67 2.1 0 0
1003.6 25.5 70 1.3 0 0
1004.9 23.7 82 1 0 0
1005.5 23.8 86 1.2 0 0
1005.6 24.1 83 0.3 0 0
1006.1 24.9 81 0.6 0 0
1006.2 25.5 77 0.8 0 0
1005.8 26.6 70 1.3 0 0
1004.7 27.4 59 1.4 0 0
1003.8 28.4 55 1.4 0 0.1
1003.4 28.1 60 1.1 0 0
1003.2 28.2 59 1.2 0 0
1003.4 27.8 61 1.8 0 0.5
1003.8 27 63 0.8 0 0.7
1004.5 25.8 68 0.5 0 0
1005.1 25.1 73 0.6 0 0
1005.4 23.1 87 0.2 0 0
1005.8 23.5 86 1.4 0 0
1006.5 24.2 83 0.7 0 0.5
1007.1 26 74 0.4 0 1
1007.1 27.3 70 0.8 0 1
1006.6 27.7 67 2.1 0 1
1005.9 27.5 64 2.8 0 1
1005.2 28.1 61 2.6 0 1
1004.7 27.7 61 3.1 0 0.9
1004.5 26.6 64 2.5 0 1
1004.6 25.8 65 3.2 0 1
1005.3 24.2 69 2.9 0 0.5
1006.2 23 72 2.1 0 0
1007 22.2 74 1.8 0 0
1008.8 19.6 82 1.3 0 0
1009.1 19.8 81 0.7 0 0
1009.7 20.7 78 0.8 0 0.5
1010.2 22.3 72 0.9 0 1
1010.4 24.4 66 1.1 0 1
1009.7 26.4 59 0.8 0 1
1008.9 28.2 54 1.6 0 1
1008.2 28.2 53 2.5 0 1
1007.6 28.9 51 2.3 0 1
1007.3 27.9 56 1.9 0 1
1007.3 27.4 59 1.5 0 1
1007.9 26.1 65 2 0 0.9
1008.4 25.2 68 1.4 0 0
1008.8 24.7 70 0.9 0 0
1009.7 19.3 86 0.4 0 0
1009.9 19 88 0.4 0 0
1010.2 20.8 80 0.5 0 0.5
1010.7 23.3 67 0.9 0 1
1010.8 25 65 0.9 0 1
1010.4 26.5 60 1.2 0 1
1009.4 27.5 57 1.6 0 1
1008.3 27.6 59 2 0 1
1007.3 28.2 59 1.3 0 1
1006.7 27.4 63 1.8 0 1
1006.8 26.7 68 1.9 0 1
1007.3 24.5 79 2.1 0 0.8
1008 23.6 85 1.6 0 0
1008.5 23.6 85 1.1 0 0
1008 21 87 0.3 0 0
1008.1 21.1 87 0.4 0 0
1008.3 22.1 83 0.2 0 0.5
1008.5 23.7 78 0.2 0 1
1007.9 25.2 69 0.8 0 1
1007.2 27.8 55 0.9 0 1
1006.3 28.6 48 1.6 0 1
1005.4 29.3 48 0.9 0 1
1004.9 29.5 46 1 0 0.8
1004.7 28.9 49 1.9 0 1
1004.9 27.8 52 2 0 1
1005.5 26.7 58 1 0 0.9
1006 25.7 65 1.2 0 0
1006.2 25.2 67 0.6 0 0
1007.4 21.2 82 0.6 0 0
1007.8 21.3 75 0.7 0 0
1008.5 22.3 78 2.4 0 0.5
1009.1 22.6 68 3.2 0 1
1009.4 21.8 63 4.1 0 1
1009.5 21.7 57 5.5 0 1
1008.9 22.3 54 4 0 1
1008.3 21.3 54 4.8 0 1
1008.5 20.5 57 5 0 1
1008.6 19.7 58 3.7 0 1
1009 19 60 2.7 0 1
1009.9 17 66 3.9 0 0.8
1010.6 16.2 68 3.2 0 0
1011.1 15.7 69 3.6 0 0
