1017.8 21.2 89 1.1 0 0
1018.5 21.2 88 0.4 0 0
1018.7 22.9 79 0.8 0 0.3
1018.8 24 75 2 0 0.4
1018.8 25.8 70 2 0 0.5
1018.4 25.4 77 3.9 0 0.1
1018 21.8 91 4 0.5 0.1
1017.7 22.1 87 3.2 0 0
1017.5 21.9 84 1.9 0 0
1017.5 21.8 83 2.8 0 0
1017.9 21.7 83 3 0 0
1018.2 21.2 79 1.9 0 0
1019.7 18.7 95 2 2 0
1020.9 18 94 1.4 3 0
1021.9 15.8 93 0.4 0 0
1022.5 16.2 76 0.9 0 0
1022.5 16.9 66 1.1 0 0
1022.8 17.5 59 1.1 0 0
1022.6 17.6 57 2.1 0 0
1021.8 18.3 54 1.3 0 0
1020.8 19 49 0.9 0 0.1
1019.6 19.9 48 1.5 0 0.6
1019.2 20.1 45 3.5 0 1
1019.4 19.7 45 2.8 0 1
1019.7 18.3 49 1.3 0 1
1020.2 17.5 54 1 0 0.8
1020.7 16.6 52 1.7 0 0
1021.1 16.4 52 2.1 0 0
1022.2 12.7 77 1.7 0 0
1022.8 13 74 1.7 0 0.2
1023.3 14.3 71 0.9 0 0.6
1023.3 17 60 1 0 1
1022.6 19.3 45 1.8 0 0.8
1022 19.9 44 2.1 0 0.5
1020.9 19.6 41 3.2 0 0.7
1020 20.4 41 3.1 0 1
1019.6 20 42 2.4 0 1
1019.3 18.8 42 3.3 0 1
1019.3 17.9 46 3.8 0 1
1019.6 17.4 54 2.8 0 0.7
1020.1 17 52 2.6 0 0
1020.8 16.8 55 2.9 0 0
1019 13.4 82 0.8 0 0
1019.4 14.2 79 0.6 0 0.4
1019.8 16 72 0.9 0 1
1019.4 19.2 66 1.3 0 1
1018.6 21.9 56 3.1 0 1
1018 22.8 54 2.8 0 1
1017 22.2 56 1.4 0 1
1015.8 23.3 54 2.5 0 1
1015.2 22.9 55 3.2 0 1
1015 22.7 56 2.9 0 1
1015.4 21.3 56 2.7 0 1
1015.8 20.6 60 3.9 0 0.8
1016.4 20 67 3.4 0 0
1017 19.6 72 2.5 0 0
1016.3 18.9 71 2.8 0 0
1017.1 19.2 70 2.3 0 0.3
1017.3 20.4 65 3.2 0 0.7
1017.2 21.9 61 4.1 0 1
1016.8 23.1 58 4.5 0 1
1016.2 23.6 57 4 0 1
1015.7 23.1 57 4.6 0 0.7
1015.2 22.8 56 4.2 0 0.2
1015 23.4 55 4 0 0.6
1014.9 23.2 53 4 0 0.5
1015.3 22.1 61 3.9 0 0.4
1016 21.7 63 4.6 0 0.3
1016.1 21.4 65 3.7 0 0
1016.4 21.2 68 3.4 0 0
1015.2 20.7 79 2.6 0 0
1015.7 20.9 79 2.2 0 0.2
1015.9 22.1 75 2 0 1
1015.8 24.1 67 2.6 0 1
1015.4 24.8 64 2.9 0 1
1014.2 25 63 2.6 0 0.8
1013.1 25.2 62 3.1 0 0.9
1012.1 25.9 59 2.7 0 1
1011.5 26 56 4.4 0 1
1011.5 25.8 56 3.5 0 1
1011.7 24.7 61 3.1 0 1
1012.1 23.9 64 2.9 0 0.7
1012.5 23.4 65 3.2 0 0
1012.8 22.9 68 2.5 0 0
1012.9 20.9 74 1.4 0 0
1013.3 20.9 75 1.5 0 0.5
1013.4 22.9 66 1.5 0 1
1013.6 24.8 60 2.5 0 1
1013.3 26 56 2.3 0 1
1012.6 27.2 51 1.5 0 1
1011.3 26.7 51 2.1 0 1
1010.4 27.5 54 2.9 0 1
1009.9 26.9 54 2.8 0 1
1009.9 25.6 55 2.3 0 0.9
1010.4 24.7 59 2.7 0 0.2
1011.2 24 64 2.9 0 0.2
1011.8 23.9 65 2.8 0 0
1012.4 23.8 66 1.7 0 0
1012.7 19.1 81 1.2 0 0
1013.4 19.2 79 2.6 0 0.5
1013.8 20.7 75 1.2 0 1
1014.1 22.3 70 0.9 0 1
1013.9 24.9 60 1 0 1
1013.1 26.5 53 0.9 0 1
1012.4 26.7 48 1.7 0 1
1011.8 27.5 51 1.9 0 1
1011.7 26.9 56 3.8 0 1
1011.9 25.7 60 3.5 0 1
1012.4 24.6 65 1.9 0 1
1013.5 23.1 68 2.2 0 0.8
1014 22.5 73 3.4 0 0
1014.8 22.3 76 3.9 0 0
1018.3 20 78 3.6 0 0
1018.7 20.4 77 3.5 0.5 0
1019.4 21.2 69 3.5 0 0
1019.9 21.3 68 4.1 0 0
1020.4 20.5 71 3.4 0 0
1020.2 20.4 66 4.2 0 0
1019.6 20.7 64 4.1 0 0
1019.3 20.4 65 3.9 0 0
1019.1 20.4 64 4.9 0 0
1019.3 20.3 64 4.6 0 0
1019.3 20.2 65 4.7 0 0
1020.2 20.2 64 4.6 0 0
1020.7 20.2 61 4.9 0 0
1020.9 19.9 63 4.4 0 0
1019.6 19.5 78 3.2 0 0
1019.9 20.2 70 2.8 0 0
1020.5 19.6 78 2.8 0 0
1020.7 20.2 75 3.8 0 0
1020.5 20.7 73 4.2 0 0.1
1020 21.4 69 3.1 0 0
1019 21.5 71 3.4 0 0
1018.5 20.9 74 2.9 0 0
1018.1 20.8 74 4 0 0
1018.1 20.3 79 4.4 0 0
1018.1 19.8 80 4.2 0 0
1018.6 19.4 85 3.6 0 0
1018.9 19.3 87 2.4 0 0
1019.1 19.3 87 2.3 0 0
1018.3 19 98 1.2 1 0
1018.5 18.9 97 1.3 0.5 0
1018.9 19.1 96 1.5 0 0
1018.8 20.1 93 1.9 0 0.1
1018.4 20.6 91 2.7 0 0
1018 20.1 94 2 0 0
1017.1 20.1 91 2.3 0.5 0
1015.9 20.4 85 2.9 0.5 0
1015.2 20.6 84 3.6 0 0
1014.9 20.5 84 2.6 0 0
1014.8 20.2 84 2.5 0 0
1014.8 20.2 82 2.6 0 0
1015 20.5 80 2.9 0 0
1015.6 20.5 82 2.1 0 0
1014.5 20.1 86 1.4 0 0
1015.1 20.4 85 1.5 0 0
1015.6 21.4 79 1.3 0 0
1015.9 22.2 76 1.8 0 0
1015.6 23.5 72 2.4 0 0.6
1015.2 23.2 69 3.5 0 0.2
1014.5 24 63 2.5 0 0.1
1013.8 23.6 63 2.6 0 0
1013.7 23.6 64 2.9 0 0
1013.8 23.4 61 2.1 0 0
1014 23.1 64 2.1 0 0.1
1014.4 22.2 72 2.4 0 0.5
1015.2 21.2 79 2.7 0 0
1015.8 21 81 2.7 0 0
1018.6 20.1 74 1.8 0 0
1019.5 19.9 70 2.1 0 0.2
1020.1 21.2 58 3.2 0 0.8
1020.3 22.5 53 2.9 0 1
1019.8 23.5 48 5.4 0 1
1018.8 24.5 42 4.1 0 1
1017.8 24.4 44 4.5 0 1
1016.7 24.9 41 4.6 0 1
1016.1 25 42 4.8 0 1
1015.8 23.9 45 5 0 1
1015.7 23.2 48 6.2 0 1
1016.1 22.3 53 4.7 0 0.7
1016.2 21.9 55 4.9 0 0
1016.7 21.8 56 5.4 0 0
1015.8 22 64 1.4 0 0
1016.5 22 68 1.4 0 0
1017.2 22.8 67 0.8 0 0
1017.4 24 63 0.9 0 0.2
1016.8 24.6 61 1.3 0 0.2
1016.1 25.9 57 1.3 0 0.1
1015.8 25.8 58 0.8 0 0
1015.3 26.4 58 0.4 0 0
1015.2 26 61 2.8 0 0
1015.2 25.5 63 1.2 0 0
1015.7 25.2 63 1.9 0 0
1015.4 23.7 62 4.7 0 0
1015.6 23.5 63 1.6 0 0
1016.2 23.6 63 1.5 0 0
1018.3 21.2 78 0.5 0 0
1018.9 21 89 1.5 0 0
1019.7 20.1 91 1.8 0 0
1020.4 20.1 83 4.2 0 0
1020.7 20.1 83 3.4 0 0
1019.9 19.9 88 3.2 0.5 0
1019.4 20.2 84 3.4 0 0
1018.7 20.2 80 3.8 0 0
1018.3 19.9 83 3 0 0
1018.5 19.8 89 2.9 0 0
1019 19.5 88 3.1 0 0
1019.6 19.4 89 2.9 0 0
1020.2 19.1 93 2.8 0 0
1020.5 18.9 92 2.7 0.5 0
1021.2 17.5 92 3.1 1.5 0
1021.7 17.3 91 2.5 0 0
1022.2 17.2 90 2.9 0 0
1022.4 17.6 87 3.2 0 0
1022.7 17.4 90 3.1 0 0
1022.1 17.5 88 3.7 0 0
1021.3 17.6 84 4.2 0 0
1020.7 16.8 88 3.4 0 0
1020.3 16.9 85 4 0 0
1020.4 16.6 85 4 0 0
1020.9 16.5 84 3.3 0 0
1020.9 16.3 86 4.5 0 0
1021.3 16.1 85 4.3 0 0
1021.6 16.2 84 3.2 0 0
1021.1 16.2 92 2.7 0 0
1021.4 16.5 89 2.7 0 0
1021.7 17.3 84 2 0 0
1022 17.4 85 3.3 0 0
1021.9 17.6 86 3.6 0 0
1020.4 17.7 85 4.2 0 0
1019 19.9 74 3.2 0 0.3
1018.4 19.5 75 5.2 0 0.3
1018.4 18.7 80 4.6 0 0
1018.3 18.3 84 3.2 0 0
1018.2 18.5 83 3 0 0
1018.8 18.2 88 3.4 0 0
1019 18.2 90 3.5 0 0
1019.4 18.1 89 3 0 0
1018.1 18.9 92 3.7 0 0
1018.8 19 91 3.2 0 0
1019.3 19 91 3.1 0 0
1019.8 19.1 90 3 0 0
1019.7 18.8 92 3.4 0 0
1019.2 19.5 87 3.4 0 0
1018.1 19.6 86 4 0 0.1
1017.1 20 84 3.9 0 0
1017.1 20.3 84 4.7 0 0.1
1017.1 19.8 87 4.4 0 0
1016.6 19.4 88 4.2 0 0
1017.5 19.2 90 3 0 0
1017.6 19.1 91 2.6 0 0
1017.9 19 93 2.7 0 0
1013.9 18.7 99 1.9 9 0
1014.6 18.8 99 1.5 5.5 0
1015.1 19.3 99 0.9 3 0
1015.1 19.3 99 1 4 0
1015.1 19.5 99 0.8 7 0
1014.1 19.7 99 0.8 3.5 0
1013.4 20 98 0.9 3 0
1012 20.3 98 0.9 2.5 0
1011.3 20.2 98 0.8 3 0
1011.1 20.5 98 0.5 1.5 0
1011.5 20.3 98 1.9 0.5 0
1011.6 20.4 98 1 1 0
1012 20.3 98 1.5 1.5 0
1011.9 19.9 99 2 0.5 0
1012.6 19 95 0.9 0 0
1013.2 18.8 98 1.1 0 0
1013.6 19.5 95 0.8 0 0
1013.9 19.7 93 1.3 0 0
1013.8 19.3 95 1.6 0 0
1013.1 19.3 98 1.5 0 0
1011.8 19.4 95 1.4 0 0
1011.1 19.2 96 1 0 0
1011 19.1 95 1 0 0
1011.3 19 94 1.3 0 0
1011.8 19 86 1.6 0 0
1012.2 19.2 83 1.6 0 0
1012.5 19.1 86 1.5 0 0
1012.9 19.3 85 2.5 0 0
1012.5 19.4 90 1.2 0 0
1012.9 19.2 92 0.8 0 0
1014.2 19.3 92 0.8 0.5 0
1014.5 19.3 95 0.6 0.5 0
1014.2 19.3 97 1 0 0
1013.5 19 98 1.4 1.5 0
1013 19.1 96 1.3 1 0
1012.6 19 97 1.5 0.5 0
1012.3 18.6 97 0.5 1 0
1013.2 18.6 94 1 0.5 0
1012.9 18 97 1.1 0.5 0
1013.6 18.1 97 1 0 0
1014.1 18 97 1 0 0
1014.4 17.3 92 1.8 0 0
1015.6 15.1 96 1.2 0 0
1016.3 15.2 96 0.8 0 0
1016.5 17.5 86 1.5 0 0.8
1016.7 20.7 62 2 0 1
1016.5 21.6 58 4.4 0 1
1015.4 22.2 51 3.5 0 1
1014.5 22.2 51 3.8 0 1
1013.7 22.7 49 3.4 0 1
1013.1 22.9 49 3.7 0 1
1013 22.5 49 3.6 0 1
1013.1 21.4 52 4.2 0 1
1013.5 20.7 55 3.1 0 0.7
1013.9 20.1 58 3 0 0
1014.4 19.6 61 3.5 0 0
1013.5 17.2 85 0.5 0 0
1013.9 17.8 81 1 0 0
1014.5 19.6 71 0.8 0 1
1014.9 21.2 67 0.4 0 1
1014.6 23.4 61 0.9 0 1
1013.8 25.1 58 0.6 0 1
1012.7 25.2 53 0.9 0 1
1011.8 26.4 53 1.1 0 1
1011.1 26.2 55 2.7 0 1
1011.3 25.1 61 2.8 0 1
1011.8 24 66 1.3 0 1
1012.2 22.9 70 1 0 0.1
1012.6 22.4 73 0.6 0 0
1013.1 21.5 79 0.7 0 0
1012.6 19 79 0.6 0 0
1013.7 19.1 77 1.1 0 0
1014.5 19.7 82 1.1 0 0
1014.8 21 76 0.7 0 0.6
1014.1 23 68 0.6 0 1
1013 24.2 61 0.7 0 0.9
1012.1 25.5 50 0.6 0 0.5
1011.2 27 50 1.1 0 0.7
1010.6 27 50 0.4 0 0.7
1010.4 27.2 55 1.4 0 1
1010.4 25.4 62 1.8 0 0.8
1010.7 24.7 65 1.2 0 0.4
1011.5 23.7 71 0.8 0 0
1011.7 22.5 81 2.4 0 0
1012.2 20.2 85 1 0 0
1012.6 20.4 84 0.7 0 0
1013.2 20.9 84 0.4 0 0.7
1013.5 22.5 81 0.4 0 0.6
1013.1 24.4 74 0.8 0 1
1012.1 26.2 65 0.7 0 1
1010.7 27.4 59 0.6 0 1
1009.5 28.8 56 1.5 0 1
1008.8 29 62 1.7 0 1
1008.5 29 60 2 0 1
1008.5 27.9 65 2.1 0 1
1008.9 27.1 72 2.4 0 0.8
1009.7 26.2 74 1.9 0 0
1010.2 25.5 76 1.3 0 0
1011.3 22.2 83 1.1 0 0
1011.9 22.3 87 0.9 0 0
1012.4 23.4 85 0.8 0 0
1012.8 24.8 83 1.1 0 0.5
1012.8 26.7 75 0.7 0 1
1011.9 28 67 0.7 0 1
1010.5 28.4 62 1.3 0 1
1009.6 29 61 0.7 0 1
1009 29.4 62 1.1 0 0.8
1009 28.3 67 1.3 0 0
1009.4 28 70 0.7 0 0
1009.7 27.6 68 1.1 0 0
1010.5 27.6 70 1.3 0 0
1011.1 27 75 1.4 0 0
1013.7 21.4 89 3.9 0 0
1014.5 21.3 88 2.3 0 0
1015.1 21.5 86 3.6 0 0
1015.9 22.3 84 3.3 0 0.1
1016.3 21.9 85 4.5 0 0
1015.9 21.9 84 3.7 0 0
1015.6 21.4 84 3.9 0 0
1015.3 21.1 84 4.2 0 0
1015.1 21.1 82 3.7 0 0
1015.3 20.3 83 5 0 0
1015.6 19.8 84 3.6 0 0
1016.3 19.3 87 4.2 0 0
1017 19.3 87 4.3 0 0
1017.7 19.1 88 4 0 0
1018.4 18.5 93 3 0 0
1018.8 18.7 93 2.7 0 0
1019.2 19.2 90 3.7 0 0
1019.4 20.1 88 4.1 0 0.2
1019.3 20.8 85 3.6 0 0.1
1018.6 21.8 81 4.5 0 0.5
1017.5 22.2 80 4.8 0 0.9
1016.6 22.7 79 3.7 0 0.5
1016.1 22.5 80 4.7 0 0.3
1015.9 22.4 82 4.9 0 0.1
1016.1 22.2 82 3.9 0 0
1016.6 21.7 86 4.5 0 0
1016.8 21.7 86 4.7 0 0
1017 21.9 85 3.8 0 0
1016.4 19.4 91 0.8 0 0
1016.5 19.6 91 0.8 0 0.3
1016.8 21.1 85 0.7 0 1
1017.2 22.8 80 0.6 0 1
1016.9 26 71 0.9 0 1
1016.4 27.9 68 0.8 0 1
1015.3 27.7 62 1 0 1
1014.3 29.1 62 1 0 1
1013.5 29.3 60 0.6 0 1
1013.2 28.3 62 2.3 0 0.9
1013.3 26.7 68 1.1 0 1
1013.7 26 70 1.6 0 0.6
1014.3 25.8 70 0.5 0 0
1014.8 25 77 1.5 0 0
1014.1 21.2 89 1.1 0 0
1014.5 21.6 88 1.2 0 0
1014.7 22.1 85 1.5 0 0.1
1014.9 23.5 78 0.5 0 1
1014.6 25.4 68 0.6 0 1
1013.9 26.8 63 1 0 1
1012.8 28 59 1.6 0 1
1011.9 28.4 57 1.5 0 0.5
1011.2 28.2 56 0.9 0 0.7
1011.3 27.6 58 2.1 0 0
1011.5 27 61 1.7 0 0
1012 25.8 65 0.8 0 0.2
1012.3 25.6 73 3.2 0 0
1012.6 24.5 79 1.3 0 0
1017.2 19.2 80 3.5 0 0
1019.1 18 78 3.2 0 0
1020.9 16.9 77 3.8 0 0
1022.3 16.1 77 4.4 0 0
1022.7 16.1 79 3.5 0 0
1022.8 16.2 76 3.7 0 0
1022.2 15.7 77 3.6 0 0
1021.8 16.1 74 4.1 0 0
1021.8 16 77 3.6 0 0
1022.2 15.7 74 2.5 0 0
1022.9 14.9 75 4 0 0
1023.8 14.2 77 3.5 0 0
1024.6 13.8 76 2.8 0 0
1025.2 13.4 79 3.9 0 0
