1020.6 21.8 88 4.2 0 0
1021.3 21.6 88 3.4 0 0
1021.7 22.1 86 2.5 0 0
1022.1 22.8 84 2.5 0 0
1022.1 23.6 81 3.4 0 0.2
1021.1 25.4 74 4.4 0 0.6
1020.5 24.8 75 4 0 0.7
1019.8 24.3 75 4.2 0 0.7
1019.2 23.6 78 4.8 0 0.1
1019 23.9 73 4.2 0 0.6
1019.3 23 74 4.7 0 0.4
1019.5 22.7 72 4.6 0 0.8
1020.1 22.5 69 4.7 0 0
1020.8 22.4 70 4.6 0 0
1021.7 19.1 64 6.2 0 0
1022.1 18.9 62 6.5 0 0
1022.5 19.2 59 6 0 0.9
1022.7 19.9 59 6.3 0 0.9
1022.6 20.3 56 7.1 0 0.9
1022.1 20.7 56 6.9 0 1
1021.4 20.7 55 7.5 0 1
1020.5 20.9 56 6.6 0 1
1019.9 20.5 54 6.6 0 1
1019.8 20.2 53 6.5 0 1
1019.9 19.7 58 5.3 0 1
1020.1 19 62 5.4 0 1
1020.3 18.8 58 5.6 0 0
1020.8 18.7 54 5.7 0 0
1021.3 18.8 56 5.9 0 0
1021.7 18.9 54 5.6 0 0.3
1022.1 19.7 55 5.8 0 1
1022.3 20.5 53 6.8 0 1
1022.1 20.9 56 6 0 1
1021.4 21.5 55 6.5 0 1
1020.8 22.1 50 5.2 0 1
1020.1 21.5 52 5.8 0 1
1019.2 21.6 52 6.1 0 1
1018.8 21.1 52 5.6 0 1
1018.6 20.3 54 7 0 1
1019.1 19.7 52 6 0 0.9
1019.9 19.4 57 5.3 0 0
1020.6 19.1 61 5.2 0 0
1019.3 19.2 69 4.1 0 0
1020 19.6 72 3.5 0 0.1
1020.3 20.2 68 3.8 0 0.6
1020.6 21.7 63 3.1 0 1
1020.2 22.7 59 3.5 0 1
1019.4 22.5 63 4.1 0 0.8
1018.7 22.8 60 4 0 0.8
1017.6 23 62 3.9 0 0.6
1016.9 22.6 64 3.7 0 0.4
1016.8 22.4 65 3.7 0 0.6
1016.8 21.7 67 3.8 0 0.4
1017 21.1 71 3 0 0.7
1017.7 20.8 71 3.4 0 0
1018.1 20.6 71 3.1 0 0
1017.5 21.1 71 3.3 0 0
1018 21.3 71 3 0 0
1018.8 21.9 69 3.5 0 0.1
1018.8 23 66 3.9 0 0.9
1018.3 24 64 4.8 0 1
1018 23.2 69 4.8 0 0.5
1017.4 23.7 66 5.2 0 0.3
1016.9 23.4 65 5.3 0 0.3
1016.4 23 66 5.1 0 0.6
1016.3 22.8 67 4.5 0 0.2
1016.7 22.7 69 5.1 0 0.3
1017.1 21.9 71 5 0 0.5
1017.3 21.7 74 5 0 0
1017.7 21.5 74 4.9 0 0
1017.1 21.3 77 2.7 0 0
1017.5 21 85 5.3 0 0.2
1017.8 21.5 83 5.7 0 0.9
1017.8 22.1 80 6.3 0 0.9
1017.6 22.7 78 4.7 0 0.8
1016.8 22.8 78 6 0 0.8
1015.7 23.7 75 5.3 0 1
1014.8 23.8 74 5 0 1
1014.3 24.1 69 4.6 0 1
1013.8 24 68 3.4 0 1
1013.6 23.7 68 3.6 0 1
1014.1 22.8 77 3.4 0 0.8
1014.5 22.3 80 2.5 0 0
1015.2 22.2 82 3.3 0 0
1014.5 21.9 84 2 0 0
1015.1 22.2 84 1.5 0 0.1
1015.7 23.4 78 1.1 0 1
1016 24.3 73 2.2 0 1
1015.9 25.1 68 2.3 0 1
1015.3 25.8 67 2.5 0 0.9
1014.5 25.6 71 2.7 0 1
1013.8 24.5 78 3.9 0 0.9
1013.3 24.8 74 4.3 0 0.9
1013 24.2 73 3.7 0 1
1012.8 23.7 74 4.1 0 1
1013.3 22.9 76 3.8 0 1
1013.7 22.4 77 3.2 0 0
1014.2 22.3 78 2.8 0 0
1014.2 21.5 82 2.1 0 0
1014.8 22 83 2.6 0 0.2
1015.5 23 79 2.4 0 0.9
1016.1 24.1 75 3.1 0 1
1016.1 25.7 63 2.4 0 1
1015.6 25.4 68 2.7 0 0.9
1015.2 25.3 69 3.2 0 0.8
1014.5 25.5 71 4.4 0 0.9
1013.9 25.3 68 4.7 0 1
1014.1 24.7 69 3.7 0 0.8
1013.9 24.1 70 3.5 0 0.4
1014.3 23.2 75 3.8 0 0.8
1014.6 22.7 76 3 0 0
1015.1 22.8 75 4.4 0 0
1016.3 22.5 68 6.5 0 0
1017.3 22.3 71 6.4 0 0
1017.8 22.7 69 6.1 0 0.5
1018.7 23 69 6.5 0 0.7
1019 23.4 69 6.4 0 0.7
1018.6 23.8 68 5.8 0 0.5
1018.1 23.7 67 8 0 0.9
1017.6 23.5 66 7.7 0 1
1017.2 23.2 66 7.6 0 1
1017.1 22.7 66 7.8 0 1
1017.3 22 70 7.4 0 1
1018.1 21.5 72 7 0 0.5
1018.7 21.2 72 6.5 0 0
1019.1 21.2 74 6.6 0 0
1018.9 21.4 74 5.2 0 0
1019.7 21.6 75 4.3 0 0
1020.2 21.9 76 4.5 0 0.1
1020.9 21.9 76 5.9 0 0.1
1021 21.7 77 4.9 0 0
1020.6 22.7 73 5.3 0 0
1019.9 22.1 75 5.1 0 0
1018.9 21.6 77 5.5 0 0
1018.4 21.3 78 5.4 0 0
1018.1 21.7 77 5.2 0 0
1018.1 21.7 75 4.9 0 0
1018.4 21.7 76 5.1 0 0
1018.9 21.7 77 4.2 0 0
1019.3 21.7 77 3.5 0 0
1019 21.2 86 4.2 0 0
1019.1 21.3 85 4.9 0 0
1019.5 21.6 82 4.8 0 0
1019.5 22.8 76 4.9 0 0.2
1019.4 23.4 73 5.7 0 0.6
1018.9 23.7 72 5.8 0 0.5
1017.9 24.1 70 5.4 0 0.9
1016.8 24 71 5.1 0 0.9
1016.1 23.3 73 6.7 0 0.7
1016 23.3 73 4.7 0 0.9
1015.9 22.8 75 4.5 0 0.9
1015.8 21.9 79 5.3 0 0.5
1016.3 21.7 77 4.5 0 0
1016.8 21.8 76 4.4 0 0
1015.9 21.4 83 3.4 0 0
1016.4 21.5 83 3.5 0 0
1016.9 22.5 79 3.4 0 0.6
1017.2 23.6 73 4.2 0 0.5
1017.3 24.5 71 4.6 0 0.8
1017.1 23.8 71 4.6 0 0.7
1016.6 24.4 68 5 0 0.5
1015.8 24.5 65 4.6 0 0.8
1015.3 24.7 62 4.4 0 1
1014.9 24.6 62 4.2 0 1
1014.8 24 58 4.2 0 1
1014.9 23.1 66 4.4 0 1
1015.4 22.6 70 4.2 0 0
1015.8 22.6 70 3.5 0 0
1017.6 21.7 70 5.1 0 0
1018.1 21.8 74 5.1 0 0.1
1018.5 22.5 69 6 0 1
1018.8 23.5 65 6.1 0 1
1018.5 24.4 60 5 0 1
1017.8 25.1 52 5.2 0 1
1017 25.1 52 5.9 0 1
1016.1 25.1 52 5.4 0 1
1015.4 25 56 5.8 0 1
1015.4 24.5 59 5 0 1
1015.6 23.8 62 5.5 0 1
1015.9 22.9 67 4.9 0 0.9
1016 22.8 66 5.5 0 0
1016.6 22.9 65 5.5 0 0
1017.1 22.6 78 3.8 0 0
1017.8 22.6 79 3.4 0 0
1018.3 23 79 4.2 0 0
1018.8 23.5 76 4 0 0
1019 24.3 73 4.3 0 0
1018.3 24.4 74 5.5 0 0
1017.7 24.3 76 5.2 0 0
1017.2 24.8 75 4 0 0.1
1016.6 24.6 75 4.6 0 0.7
1016.3 23.9 78 3.5 0 0.2
1016.6 23.7 81 2.9 0 0
1017.2 23.4 83 3.5 0 0
1017.7 23.1 85 4 0 0
1018.2 22.9 86 4.4 0 0
1018.3 22.9 83 4.6 0 0
1018.6 23 84 4.1 0 0
1019 23.6 84 5.1 0 0
1019.5 24 81 4.8 0 0
1019.5 24.2 78 5.3 0 0
1019.5 23.3 76 5.9 0 0
1018.8 22.8 75 6.5 0 0
1017.7 23 75 6.9 0 0.1
1017.4 22.8 72 6.9 0 0.2
1017.4 22.6 73 6.7 0 0
1017.7 22.3 75 6.9 0 0
1018.3 21.8 76 6.9 0 0
1018.8 21.8 77 6.8 0 0
1019.3 21.9 77 6 0 0
1019.9 20.5 80 6.9 0 0
1020.3 20.6 79 6.6 0 0
1021.1 20.4 79 5.5 0 0
1021.3 20.8 77 7 0 0
1021.6 20.8 77 6.1 0 0
1021.1 21 74 6.9 0 0
1020.5 20.8 74 6.4 0 0
1019.5 20.6 74 6.8 0 0
1019.3 20.6 74 7.3 0 0
1019 20.2 74 6.7 0 0
1019.1 19.8 75 6.6 0 0
1019.2 19.5 75 7.3 0 0
1019.6 19.4 77 7 0 0
1020 19.3 77 7.6 0 0
1021 19 76 6.1 0 0
1021.4 19.1 76 6.3 0 0
1021.6 19.4 76 6.5 0 0
1021.9 19.8 75 6.4 0 0.1
1021.9 20.4 73 5.9 0 0.1
1021.2 21.9 68 5.6 0 0.7
1020.1 21.6 70 5.6 0 0.7
1019.1 21.5 71 5.7 0 0.5
1018.5 21.5 71 6.6 0 0.5
1018 21 72 6.4 0 0.6
1018.3 20.6 74 6.3 0 0.4
1018.3 20.3 76 5.8 0 0.3
1019.1 20.3 77 6.4 0 0
1019.5 20.2 78 5.6 0 0
1018.9 20.8 80 5.5 0 0
1019.4 20.7 81 6 0 0
1020 21 80 4.9 0 0
1020.3 21.3 80 5.1 0 0
1020.5 21.3 81 6 0 0
1019.8 21.3 80 4.3 0 0
1019.2 22 78 5.8 0 0
1018.4 21.2 80 6.2 0 0
1017.6 21.7 77 5.5 0 0
1017.4 21.7 76 6.1 0 0.2
1017.9 21.2 79 5.5 0 0
1017.9 20.8 81 5.3 0 0
1018.1 20.7 80 5.7 0 0
1018.2 20.7 82 5.3 0 0
1015.6 20.9 88 4.7 0 0
1016.6 21.1 88 3.9 0 0
1017 21 90 4.3 0 0
1017.2 20.5 88 5.1 0 0
1017.3 20.7 90 4.3 0 0
1016.4 21.1 90 3.9 0 0
1015.3 21.7 86 4.5 0 0
1014.1 22 84 3.3 0 0
1013.6 21.9 85 3.5 0 0
1013.8 21.5 90 2.7 0 0
1014.1 21 93 2 0 0
1014.3 20.8 92 2 0.5 0
1013.8 21.1 90 2.2 0 0
1014 21.4 88 1.8 0 0
1014.3 21.1 85 2.7 0 0
1014.9 21.1 84 2.8 0 0
1015.3 21.5 82 3 0 0
1015.4 22.1 79 3.3 0 0
1015.4 22.5 75 2.8 0 0.1
1014.3 23.3 72 3.2 0 0.1
1013.2 23.9 70 3.8 0 0.5
1012.5 23.3 74 4.5 0 0.3
1012.2 23 75 3 0 0.1
1012.2 23.4 72 3.7 0 0.4
1012.7 22.3 75 3.5 0 0.5
1012.9 21.6 78 3.7 0 0.1
1013.5 21.4 78 3.6 0 0
1014 21.3 77 3.2 0 0
1015.3 20.6 82 3.9 0 0
1015.4 20.7 82 3.6 0 0
1015.9 20.9 83 3.4 0 0
1016.4 21.2 81 3.3 0 0
1016.4 21.7 79 3.4 0 0
1016.1 22.2 77 4 0 0.1
1015.4 22.6 72 4 0 0.2
1014.4 22.1 74 3.8 0 0.1
1014.5 21.7 76 4.5 0 0
1014.2 21.3 75 3.8 0 0
1014.3 21.5 74 3.8 0 0
1014.8 21.3 76 3.7 0 0
1014.8 21.2 77 4.1 0 0
1015.3 21.3 70 3.2 0 0
1015.1 20.9 59 5.1 0 0
1015.6 21 61 5.3 0 0.1
1016.1 21.6 62 5.4 0 1
1016.7 22.5 61 5.7 0 1
1016.7 23.1 59 5.3 0 1
1016.1 23.5 56 5.7 0 1
1015.4 24.1 56 5.2 0 1
1014.7 23.6 54 5.4 0 1
1014 23.5 56 5.7 0 1
1013.9 23.4 51 4.9 0 1
1013.9 22.8 56 5.3 0 1
1014.1 22 59 4.8 0 0.9
1014.8 21.5 64 4.4 0 0
1015.1 21.4 65 4.7 0 0
1015.6 20.3 79 2.4 0 0
1016.3 20 81 1.7 0 0
1016.5 21.5 76 2.5 0 0.9
1017.1 23 69 2.4 0 1
1017.1 22.8 75 3.6 0 1
1016.9 23.1 73 3.4 0 0.9
1016 23.3 71 3.1 0 1
1015.2 23.6 68 3 0 1
1014.3 23.3 68 3.2 0 1
1014 23.1 68 2.7 0 1
1013.9 22.6 71 2.4 0 1
1014.1 21.8 75 1.9 0 0.9
1014.6 21.4 78 2.1 0 0
1015 21.2 80 2.3 0 0
1014.9 20.3 83 0.9 0 0
1015.4 20.9 82 1.3 0 0.2
1015.8 22.1 79 2 0 1
1016.2 23.8 68 2.5 0 1
1016 24.6 63 2.4 0 1
1015.5 25.7 63 1.9 0 1
1014.3 25.4 64 2.3 0 1
1013.6 25.4 63 2 0 1
1013 25.3 67 2.5 0 1
1012.7 25.2 61 3.2 0 1
1012.5 24.4 65 2.5 0 1
1012.8 23.6 68 2.3 0 1
1013 23.6 69 1.9 0 0
1012.8 23.5 70 2.6 0 0
1013.5 23.2 87 2.6 0 0
1014.1 23.1 89 2.8 0 0
1014.6 23.3 87 3.4 0 0.1
1015 23.6 84 3.5 0 0.4
1015 24.4 80 3.6 0 0.4
1014.4 24.8 78 3.8 0 0.3
1013.4 25.3 76 2.8 0 0.7
1012.2 26.2 75 2.7 0 1
1011.4 25.6 78 3.1 0 1
1011 25.5 75 2.9 0 1
1011.1 25.3 79 2.5 0 1
1011.6 24.6 84 1.9 0 0.9
1012 24.3 87 1.6 0 0
1012.5 24.1 89 2.6 0 0
1013.3 23.3 93 2.1 0 0
1013.9 23.5 92 2.3 0 0
1014.2 23.9 90 2.2 0 0
1014.9 24.7 84 2.7 0 0
1015.1 25.1 83 3.6 0 0
1014.8 25.4 79 3.1 0 0
1013.9 26 73 2.1 0 0.2
1013 26.8 70 1.1 0 0.2
1012.5 26.5 73 1.5 0 0.5
1012.5 25.5 77 0.8 0 0
1012.1 25.1 79 1 0 0
1012.5 24.9 81 0.8 0 0
1013 24.8 82 0.5 0 0
1013.5 24.5 88 0.9 0 0
1014.3 23 94 2.8 0 0
1014.9 23.2 94 2.2 0 0
1015.5 23.7 94 2.7 0 0
1016.3 23.9 91 4.1 0 0
1016.6 24.2 86 4.6 0 0.1
1016.5 23.8 85 4 0 0
1016 24.2 81 5 0 0
1015.2 23.5 82 6.1 0 0
1014.9 23.6 81 5.6 0 0.1
1014.8 23.2 81 5.8 0 0.1
1014.9 22.6 83 5.3 0 0
1015.5 22.3 82 5.7 0 0
1016.1 22.1 82 6 0 0
1016.7 21.9 82 6.1 0 0
1017.7 21.3 81 5.2 0 0
1018.2 21.4 82 4.6 0 0
1018.9 21.8 80 5.3 0 0
1019.6 22.7 77 5 0 0.3
1019.9 23.3 76 5 0 0.3
1019.5 23.7 74 5.3 0 0.5
1019 24.4 72 4.5 0 0.6
1018.2 23.8 74 5.7 0 0.4
1017.6 24.2 73 5.6 0 0.7
1017.3 23.9 74 5.6 0 0.6
1017.3 23.1 78 4.5 0 0.5
1017.8 22.5 81 4.8 0 0.2
1018.3 22.3 83 4.4 0 0
1018.5 22.4 84 4.2 0 0
1018.7 21.5 86 2.7 0 0
1018.9 21.6 86 2.6 0 0
1019.4 22.1 84 2.2 0 0
1019.8 22.7 81 3.1 0 0
1020.1 23.3 79 2.9 0 0
1019.9 23.4 78 2.7 0 0
1018.9 24 76 2.5 0 0
1018.1 23.7 76 3.1 0 0
1017.3 23.8 78 3 0 0
1016.6 23.4 78 2.9 0 0.1
1016.5 23.4 80 2.4 0 0.8
1016.5 22.4 85 2.5 0 0.8
1016.9 21.8 88 2.4 0 0
1017 21.7 90 1.7 0 0
1016.3 21.4 91 1.5 0 0
1016.5 21.5 90 1.4 0 0.1
1016.8 22.6 87 1.1 0 1
1016.8 24 82 1.8 0 1
1016.4 26.4 67 0.9 0 1
1015.8 27.2 65 1.9 0 1
1015 28 60 1.1 0 1
1014.3 27.8 61 1.1 0 1
1013.8 27.2 58 1 0 1
1013.7 27.2 61 2.6 0 1
1013.9 25.9 75 1.6 0 1
1014.4 24.6 76 2.2 0 0.6
1014.8 24.2 87 2.1 0 0
1015 23.8 88 1.3 0 0
1016.1 23.1 90 2.7 0 0
1016.9 23.1 91 2.6 0 0
1017.7 22.1 90 6.2 0 0.4
1018.8 20.5 89 6.9 0 0.1
1019.5 20 83 6.9 0 0
1019.6 19.9 78 7.3 0 0.1
1019.3 19.8 75 7.7 0 0.2
1018.8 19.3 77 7.2 0 0.1
1018.7 19.2 74 7.5 0 0
1018.8 18.6 77 8.1 0 0
1019.2 18.3 75 7.6 0 0
1019.9 17.9 77 8.9 0 0
1020.6 17.1 77 8.2 0 0
1021.2 16.9 78 8.8 0 0
