1020.4 21.2 90 2.3 0 0
1020.8 20.8 95 1.3 0 0
1021 22 86 0.8 0 0
1021.1 24.2 81 1.8 0 0
1020.7 25.2 76 1 0 0
1019.6 26.4 72 1.4 0 0.4
1018.6 26.9 71 1.5 0 0.9
1017.4 26.5 74 1.5 0 0.7
1016.8 26.4 74 0.9 0 0.8
1016.4 26.3 74 1.3 0 0.3
1016.9 25.8 78 2.1 0 0
1017.6 25.8 76 2 0 0
1018.1 24.6 87 1.6 0 0
1018.6 23.6 90 1.6 0.5 0
1020.3 20.6 77 4.3 0 0
1021 20.7 74 4.1 0 0
1021.5 20.9 72 3.5 0 0
1021.9 21 70 3.9 0 0
1021.8 21.4 71 4.5 0 0
1021.1 21.1 72 4.7 0 0
1020.6 21.2 70 3.8 0 0
1019.8 21.2 71 3.9 0 0
1019.4 21.2 70 3.8 0 0
1019.4 21 73 3.9 0 0
1019.7 20.4 74 3.2 0 0
1020.1 20.3 71 3 0 0
1020.6 20.1 71 3.3 0 0
1021.2 18.6 85 3.5 0 0
1021.1 19.5 57 3.3 0 0
1021.9 19.6 55 2.6 0 0
1022.5 19.9 56 3.6 0 0.1
1023.2 20.9 54 4.5 0 0.2
1022.7 21.8 49 5.4 0 0.8
1022 22.3 48 5.2 0 1
1021 23.2 48 4.5 0 1
1020.2 23.2 47 5 0 1
1019.5 23 46 4.7 0 1
1019.2 22 52 4.8 0 0.3
1019.2 21.6 49 4.2 0 0.7
1019.8 20.8 50 3.9 0 0
1020.5 20.6 46 3.6 0 0
1021.5 20.3 49 1.8 0 0
1020.4 16.8 68 3.5 0 0
1020.5 17 68 2.4 0 0
1020.7 20 56 2.1 0 0.7
1021.2 22.4 52 4 0 0.9
1020.6 23.6 46 3.3 0 1
1019.9 24.1 45 4.4 0 1
1018.7 24.6 45 3.8 0 1
1017.6 25 47 2.7 0 1
1016.9 24.7 49 2.7 0 1
1017 23.6 54 2.3 0 0.6
1017.1 23.6 54 2.4 0 0
1017.5 23.5 53 2.6 0 0
1018 23.3 53 2.4 0 0
1018.4 23.1 54 3.2 0 0
1017.7 22.3 50 2 0 0
1018.2 22.7 49 1.8 0 0
1018.6 24.3 44 3.5 0 1
1018.7 25.4 49 3.6 0 1
1018.4 25.7 50 4.3 0 1
1017.7 25.9 48 4.5 0 1
1017.3 26.6 51 4.4 0 1
1016.5 26.7 49 3.5 0 1
1016 26.6 54 3.5 0 1
1016.3 25.9 55 4.2 0 1
1016.7 25 63 3.4 0 0.3
1017.1 24.7 62 4.1 0 0
1017.4 24.6 68 3.6 0 0
1018 23.4 69 3.6 0 0
1016.9 20.1 79 2.4 0 0
1017.3 20.9 76 2.4 0 0
1017.6 23.9 63 3.5 0 1
1017.6 24.9 57 3.4 0 1
1017.4 25.7 57 3.9 0 1
1016.8 26.1 59 3.7 0 1
1015.9 26.9 55 3.3 0 1
1014.8 26 61 2.6 0 0.8
1014.2 25.9 60 2.8 0 0.4
1013.9 25.3 67 3.6 0 0.3
1014.1 25 67 3.5 0 0
1014.7 22 87 1.9 2.5 0
1014.9 23 77 1.7 0 0
1015.3 23.2 75 1.9 0 0
1015.2 19.2 79 1.4 0 0
1015.7 19.5 78 1.3 0 0.1
1015.8 21.5 72 2.9 0 1
1016.1 25.9 55 2 0 1
1015.9 26.2 57 3.3 0 1
1015.4 26.7 61 2.3 0 1
1014.5 26.6 62 3.2 0 1
1013.4 27.6 63 1.5 0 1
1012.8 26.9 63 0.9 0 0.9
1012.7 25.7 63 1.9 0 0.2
1012.7 25.6 66 1.9 0 0.4
1013.4 24.7 69 2.3 0 0
1014.1 24.3 71 0.5 0 0
1014.6 24.4 70 1 0 0
1014.4 19.4 79 1.3 0 0
1015.1 19.8 76 1 0 0.1
1015.5 21.7 71 2.4 0 1
1016.1 25.8 51 2.9 0 1
1016 26.8 51 2.6 0 1
1015.5 26.9 56 1.8 0 1
1014.5 27 57 2.9 0 1
1013.9 26.6 60 1.7 0 0.9
1013.6 26.4 59 1.8 0 0
1013.7 26.3 56 2.1 0 0.2
1013.9 25.8 63 1.9 0 0
1014.4 25.4 61 2.6 0 0
1014.8 25.3 62 3.2 0 0
1015.3 24.4 66 2.1 0 0
1017.7 23.6 62 3.9 0 0
1018.4 23.6 61 4.7 0 0
1019.2 24.3 57 6 0 0.6
1019.9 25.2 52 6.3 0 1
1019.6 26.2 52 5 0 1
1019.1 26.7 58 5 0 1
1018.6 26.6 59 6 0 1
1018.1 26.6 62 5.3 0 1
1017.9 25.6 64 6 0 0.7
1017.8 25.4 71 5.9 0 0.4
1018.3 24.5 71 6.7 0 0.3
1019.3 24.1 70 6.2 0 0
1019.9 23.6 68 5 0 0
1020.5 23.4 65 5.5 0 0
1020 22.2 62 5.4 0 0
1020.7 22.5 56 4.8 0 0
1021.2 23.3 55 4.6 0 0.4
1021.6 23.7 57 5 0 0.1
1021.5 24.5 56 5 0 0.3
1021.1 24.4 62 5.5 0 0.1
1020 24.4 61 5.8 0 0.3
1019.2 25.6 61 5 0 0.9
1018.6 25.4 61 4.6 0 0.9
1018.3 25.1 65 5 0 0.8
1018.7 24.4 65 4.6 0 0.5
1019.2 23.9 74 4.2 0 0
1019.5 23.9 66 4.1 0 0
1020.1 23.3 62 4.1 0 0
1018.7 19.3 77 2.7 0 0
1019.2 19.9 74 1.3 0 0
1019.5 21.2 71 2.4 0 0.1
1019.7 24.4 55 3.9 0 0.5
1019.6 24.8 62 3.6 0 0.9
1018.9 24.8 68 3.4 0 0.5
1017.8 26.2 66 3.1 0 0.8
1016.7 25.4 71 3.5 0 0.4
1016.1 25.7 62 4.4 0 0.9
1015.8 25.1 68 4.6 0 0.9
1015.5 25 65 3.9 0 0.7
1016 24.7 67 3.5 0 0
1016.3 24 70 2 0 0
1017 24 64 2 0 0
1015.1 20.4 77 2.2 0 0
1015.8 20.6 77 3.2 0 0
1016.6 21.8 74 2.6 0 0
1017 23.5 70 0.9 0 0
1016.6 25.5 58 1.8 0 0
1016.6 25.9 57 3.1 0 0
1015.9 26.2 67 3.7 0 0.3
1015 26.4 70 3.6 0 0.3
1014.7 25.9 72 3.8 0 0.3
1014.4 25.6 74 4.1 0 0.1
1014.4 24.5 77 4.1 0 0
1015.1 24.7 75 2.9 0 0
1015.8 24.9 76 4.4 0 0
1016.3 24.7 77 4.2 0 0
1018.5 23.9 64 3.5 0 0
1019.4 23.3 70 3.6 0 0
1020.1 23.2 74 4.5 0 0
1021.1 21.4 90 5 0 0
1021.1 21.9 83 4.2 0 0
1020.8 22.2 85 6.3 1 0.1
1019.8 23 73 5.5 0 0.3
1019.2 23.4 67 5.7 0 0
1019.1 23.6 62 5 0 0.1
1018.5 24.2 57 4.7 0 0.6
1018.6 24.3 57 4.3 0 0.8
1019.1 23.8 56 4.4 0 0
1019.4 23.6 56 4.2 0 0
1019.6 23.3 56 4.6 0 0
1018.6 22.1 54 1.9 0 0
1019.2 21.7 58 1.7 0 0
1019.7 24.8 56 3.6 0 1
1020.2 25 55 4.5 0 0.7
1020 25.4 53 3.8 0 0.1
1019 25.7 55 4.8 0 0
1018.1 27.1 55 4.1 0 0.6
1017.5 25.7 66 3 0 0
1017.2 25.9 67 3.3 0 0
1017.2 25.4 69 2.9 0 0
1017.6 25.3 68 3 0 0
1018.2 25.2 71 3.2 0 0
1018.8 25.1 67 3.1 0 0
1019.3 24.9 68 3.4 0 0
1018.5 24.3 63 1.8 0 0
1018.8 23.6 67 2.6 0 0
1019.3 25.5 53 1.7 0 0
1020 26.1 67 4.1 0 0
1020.1 27.3 58 5 0 0.2
1019.4 27 61 4.1 0 0.3
1018.5 27.3 62 4 0 0
1017.8 26.9 68 4.7 0 0.2
1017.3 26.8 67 5 0 0.6
1017.5 26.2 73 5.2 0 0
1018 25.5 78 4.6 0 0
1018.9 24.9 79 5.6 0 0
1019.7 24.7 79 5.4 0 0
1020.1 24.2 70 4.8 0 0
1019.7 23.4 72 3.4 0 0
1019.9 23.3 71 4.6 0 0
1020.8 23.5 71 4.8 0 0
1021.5 23.8 70 5 0 0
1021.5 24.3 68 5.4 0 0
1020.4 25.5 67 5.1 0 1
1019.9 25.7 66 4.4 0 1
1018.9 25.8 64 5.2 0 1
1019 24.7 72 5 0 0.1
1018.7 24.2 71 5.8 0 0
1018.8 23.9 72 5.4 0 0
1019.3 23.3 66 5.8 0 0
1019.8 22.8 70 4.8 0 0
1020.5 22.5 68 5.5 0 0
1021.2 21.7 66 4.6 0 0
1021.6 22 62 5.1 0 0
1022 22.9 65 4.3 0 0.7
1022.6 23.3 64 5.2 0 0.5
1022.1 24.3 63 4.4 0 0.7
1021.2 24.7 65 4.7 0 1
1020.4 25.6 61 4.4 0 1
1019.4 24.8 67 3.9 0 0.7
1018.6 25.2 67 3.9 0 0.6
1018.4 24.7 68 4.3 0 1
1018.5 24.1 70 4.5 0 0
1019 23.9 71 4.5 0 0
1019.7 23.6 69 4 0 0
1020.1 23.5 66 3.5 0 0
1018.9 21.6 74 2.1 0 0
1019.3 21.4 76 2.1 0 0
1019.8 23.9 66 3 0 0
1020 24.5 65 3.1 0 0
1020 24.8 68 4.1 0 0
1019.3 25.4 65 4.3 0 0
1018.6 25.5 67 3.8 0 0
1018 25.6 70 3.1 0 0
1017.5 25.2 75 3.6 0 0
1016.9 25.3 72 3.6 0 0
1016.8 25.1 77 3.5 0 0
1017.5 24.8 79 3.5 0 0
1017.6 24.7 79 3.4 0 0
1017.9 24.4 78 3.7 0 0
1015.1 21.3 86 3.3 0 0
1015.7 21.9 83 2.3 0 0
1015.8 22.3 82 1.1 0 0
1016.1 24.3 76 0.8 0 0
1015.6 25.1 72 1.5 0 0
1014.6 26.7 68 1.5 0 0.4
1013.5 26.7 69 1.6 0 0.5
1012.6 26.4 72 1.9 0 0.3
1012.2 26.4 71 1.6 0 0.4
1012.2 25.9 73 2.1 0 0
1012.4 25.8 74 1.8 0 0
1012.8 25.3 76 1.2 0 0
1013.2 24.3 85 2 0 0
1013.7 24.3 85 0.7 0 0
1012.6 23 89 2.7 0 0
1013.5 23.1 87 0.7 0 0
1014.3 23.6 84 1.2 0 0
1014.6 24.7 82 2.9 0 0.3
1014.5 24.2 88 3.2 0 0
1014 24.6 85 2 0 0.1
1013 24.8 83 3 0 0.4
1012.2 24.8 82 4.3 0 0.1
1012.1 23.1 95 3.7 0 0
1012.2 22.5 95 4.7 0.5 0
1012.4 22.7 87 2.6 0 0
1013 22.9 88 2.8 0 0
1013.7 22.8 87 2 0 0
1014.3 23.1 84 2.7 0 0
1014 20.6 89 1.7 0 0
1014.6 20.5 89 1.1 0 0
1014.7 22.3 84 1.6 0 0.8
1015 25 76 0.9 0 1
1014.5 26.1 71 1.3 0 1
1014.2 25.9 70 1.5 0 0.9
1013.4 25.1 75 2 0 0
1012.4 24.9 79 2.4 0 0
1011.9 24.7 79 3.1 0 0
1012.1 24.5 80 2.5 0 0
1012.5 24.5 82 2.9 0 0
1012.9 24.1 83 3.5 0 0
1013.9 23.6 86 3.2 0 0
1014.4 23.3 85 3.3 0 0
1015.8 21.4 69 4.1 0 0
1016.7 22 60 3.8 0 0
1017.3 22.5 56 3.8 0 0
1017.8 23 51 4 0 0
1017.9 23 51 4.1 0 0
1017.7 22.9 51 4 0 0
1017 23.6 49 4.4 0 0
1016.1 23.3 48 4.7 0 0.1
1015.6 23 54 4.2 0 0
1015.5 23 56 3.8 0 0
1015.7 22.8 55 2.7 0 0.3
1016 22.7 55 3.9 0 0
1016.5 22.3 55 2.5 0 0
1017 22.1 55 2.3 0 0
1016.6 20.1 71 2 0 0
1016.9 20.1 73 2.3 0 0
1017.4 21.3 70 2.2 0 0.5
1018 23.4 60 2.6 0 0
1017.6 24 59 2.8 0 0
1017 24.4 58 2.8 0 0
1016 25.5 57 2.4 0 0.2
1015 25 57 2.2 0 0.1
1014.5 26 55 1.7 0 0.9
1014.1 25.6 57 2.4 0 1
1014.3 24.6 63 2.5 0 0.3
1014.9 24.2 64 2.5 0 0
1015.3 23.9 67 1.8 0 0
1015.7 23.7 67 0.9 0 0
1014.8 20.4 79 1.6 0 0
1015.5 21.3 77 1.7 0 0
1016 22.9 73 0.8 0 0.4
1016.2 25.4 67 0.6 0 0.7
1016.1 26.8 63 2 0 0.8
1015.5 26.8 65 2.7 0 0.4
1014.4 27.3 63 3.2 0 0.4
1013.4 27.5 63 2.6 0 1
1012.7 27.5 67 2 0 1
1012.5 27 70 2 0 1
1012.8 26.3 73 2.1 0 0.8
1013.2 25.5 77 2.5 0 0
1013.8 25 81 1.9 0 0
1014.2 25.2 79 2.2 0 0
1013.8 24.6 74 1.3 0 0
1014.4 24.9 72 2.1 0 0
1014.9 25.2 74 3.1 0 0
1015.4 25.9 74 3.9 0 0.1
1015.4 25.5 83 3.1 0 0.1
1014.8 26.5 77 3.6 0 0.2
1013.9 26.7 79 2.8 0 0.1
1013.1 26.6 81 3 0 0
1012.4 26.1 84 3.1 0 0
1012.3 25.3 89 2.6 0 0
1012.4 24.7 93 2.6 0 0
1012.8 24.1 95 3.7 0 0
1013.3 24 96 2.8 0 0
1013.9 23.8 97 3 0 0
1013.9 23.4 98 0.3 1 0
1014.3 23.3 98 1.4 1 0
1014.7 24 97 0.9 0 0
1015 25 94 1 0 0
1015.2 25.9 85 1 0 0
1014.6 26.7 83 0.7 0.5 0.1
1013.5 28.1 75 0.8 0 0.5
1012.7 28.5 77 1.3 0 0.3
1012.1 29.1 75 1.8 0 0.7
1012 28 78 1.3 0 1
1012.3 27 83 0.7 0 0.8
1012.7 26.6 87 0.7 0 0
1013.3 25.4 94 0.2 0 0
1013.8 25.2 95 1.7 0 0
1014 23.3 89 1.7 0 0
1014.7 23.6 89 1.3 0 0
1015 25.1 84 0.9 0 0.2
1016 26.8 80 1.2 0 1
1016.4 27.9 73 2.2 0 1
1016.4 25.1 94 5.2 0 0.4
1015.7 25.5 88 4.4 0 0
1015 25.3 88 4.4 0 0
1014.8 25.2 88 4.5 0 0
1014.8 25.1 87 5.9 0 0
1015 25 88 5.1 0 0
1015.8 24.7 87 5.6 0 0
1016.4 24.6 86 5.7 0 0
1017.2 24.4 85 5.7 0 0
1018.9 23.2 74 4.4 0 0
1019.5 23.1 73 3.7 0 0
1020.2 23.8 72 5.1 0 0.3
1020.9 24.2 73 5.1 0 0.3
1021.1 24.5 74 4.9 0 0.1
1020.5 25.5 70 4.4 0 0.1
1019.5 26.2 72 4.5 0 0.5
1018.7 26.3 73 4.2 0 1
1018.3 26 76 4.4 0 1
1018 25.1 76 5.3 0 0.9
1018 25.2 77 4.8 0 0.6
1018.5 24.7 79 4.1 0 0
1019.2 24.4 81 5 0 0
1019.7 24.2 80 4.1 0 0
1018.9 21.9 84 3.3 0 0
1019.4 22.4 83 2.3 0 0
1019.8 24.7 73 2 0 0
1020.2 25.3 70 3 0 0
1020.4 25.3 68 4.2 0 0
1019.8 26.5 75 5.6 0 0.3
1018.7 27.1 73 5 0 1
1017.8 26.8 77 3.3 0 0.7
1017.2 26.9 75 3.1 0 0.8
1016.7 26.4 74 2.9 0 0.3
1016.7 25.9 81 3.6 0 0.1
1016.9 25.7 79 2.3 0 0
1017.2 25.5 79 2.3 0 0
1017.8 25.4 79 2.4 0 0
1016.1 21.9 84 1.3 0 0
1016.5 22.1 82 1.2 0 0
1016.9 23.4 76 1.8 0 0.4
1017.2 26.3 69 0.7 0 1
1016.8 27.5 68 1.4 0 1
1016.3 28.2 67 1.4 0 1
1015.4 27.7 69 1.4 0 1
1014.3 27.9 68 1.8 0 1
1013.7 27.9 68 1.3 0 1
1013.7 27.3 70 1.1 0 1
1013.9 26.3 75 2 0 0
1014.6 26 75 1.7 0 0
1015.1 25.5 75 0.8 0 0
1015.6 24.2 83 2.4 0 0
1015.5 21.7 78 1.8 0 0
1016.3 22.2 75 2.6 0 0
1017.1 22.7 75 1.8 0 0
1017.9 24 72 1.9 0 0
1018.4 26.1 63 2.1 0 0
1018.9 23.5 82 6.4 0 0
1018.5 22.8 81 6.9 0 0
1018 22.9 79 6.5 0 0
1018.1 22.4 77 5.9 0 0
1018.3 22.2 77 6.1 0 0
1019 21.7 74 6.2 0 0
1019.8 21.6 73 5.9 0 0
1020.8 21.1 71 5.9 0 0
1021.8 20.7 71 5.1 0 0
