1019.9 21.8 80 1.4 0 0
1020.4 21.9 81 0.8 0 0
1020.9 22.1 83 1.4 0 0
1021 24.4 71 1 0 0.1
1020.4 25.8 74 1.5 0 0.9
1019.3 25.8 73 2.1 0 1
1018.3 26.2 72 1.5 0 1
1017.3 25.9 74 1.7 0 0.5
1016.6 25.8 74 1.3 0 0
1016.5 25.7 73 1.5 0 0
1016.9 25.5 74 1.4 0 0
1017.5 25.4 74 0.8 0 0
1018 25.3 73 0.8 0 0
1018.6 25.1 74 1 0 0
1020.5 20.7 69 2.6 0 0
1021.1 20.3 72 1.8 0 0
1021.6 19.9 74 1.8 0 0
1022.1 20.4 71 1.7 0 0
1021.9 20.9 66 2.7 0 0
1021.3 20.8 66 2.5 0 0
1020.6 20.9 66 3.2 0 0
1019.7 21.1 64 2.8 0 0
1019.3 20.5 69 2.8 0 0
1019.4 20.3 67 3.4 0 0
1019.7 20 70 1.9 0 0
1020.4 19.8 71 1.8 0 0
1020.8 18.7 77 1.9 0 0
1021.2 18.7 76 1.7 0 0
1021.2 17.8 61 2.6 0 0
1021.9 18.3 58 2.2 0 0
1022.9 18.7 58 2 0 0
1023.3 20.1 53 2.1 0 0
1022.9 22.6 46 2 0 0.5
1022.1 22.8 45 3.2 0 1
1021.2 23 42 3 0 1
1020.3 22.9 44 2.8 0 1
1019.6 21.8 48 3.2 0 0.7
1019.4 21.5 46 3.1 0 0
1019.4 21.4 48 1.8 0 0
1019.9 20.6 50 2.4 0 0
1020.5 20 52 2.2 0 0
1021.4 19.7 51 1.7 0 0
1020.6 16.9 61 2.6 0 0
1020.7 17 60 1.9 0 0
1021 18.3 53 2.6 0 0.8
1021.1 19.9 51 2.5 0 0.5
1020.6 22.9 45 1.5 0 1
1019.7 24.3 42 2.8 0 1
1018.5 24.3 43 3 0 1
1017.2 24.7 44 2.4 0 1
1016.5 24.2 47 2.8 0 1
1016.7 24.1 45 2.6 0 1
1017.1 23.9 44 1.9 0 1
1017.5 23.1 50 1.9 0 0.1
1018 22.8 49 1.7 0 0
1018.5 22.5 51 2.1 0 0
1018.1 19 58 2.7 0 0
1018.5 19.2 57 3 0 0.2
1019.2 20.6 52 2.6 0 1
1019 23.1 48 2 0 1
1018.5 25.2 46 1.6 0 1
1017.8 25.9 50 2.8 0 1
1017.2 25.9 50 4.1 0 1
1016.5 26.1 50 2.8 0 1
1015.9 25.8 50 3.7 0 1
1016 25.1 53 3.7 0 0.7
1016.6 24.6 55 3.9 0 0
1017.1 24.2 58 2.2 0 0
1017.6 24.1 58 3 0 0
1018.2 23.8 58 2.3 0 0
1017.1 20.5 71 1.9 0 0
1017.3 20.5 70 2.1 0 0
1017.5 21.4 68 2.6 0 0.6
1017.5 23.9 59 1.6 0 1
1017.2 25.4 54 2.5 0 1
1016.4 26.3 54 2.9 0 1
1015.6 26.2 55 2.5 0 1
1014.6 26.1 59 3.6 0 1
1013.9 25 61 3.1 0 0.2
1013.7 24.8 65 2.7 0 0
1013.8 24.8 63 2.5 0 0
1014.5 24.4 68 1.9 0 0
1014.9 23.7 68 1.5 0 0
1015.5 23.5 65 1 0 0
1015 20.8 58 2 0 0
1015.5 20.7 58 1.7 0 0.3
1015.7 22.7 51 1.7 0 1
1015.8 24.8 48 1.7 0 1
1015.5 25.8 57 1.9 0 1
1014.9 26.2 61 2.5 0 1
1014.2 26.7 60 2.5 0 0.9
1013 26.4 61 3 0 0.9
1012.5 25.7 63 2.8 0 0.4
1012.4 25.4 65 2.3 0 0
1012.5 25.3 62 2.1 0 0.1
1013.3 25 62 1.9 0 0
1013.8 24.7 64 1.6 0 0
1014.4 24.4 64 1.7 0 0
1014.2 20.2 65 2.5 0 0
1014.8 20.3 59 2.3 0 0.5
1015.2 21.8 50 2.8 0 1
1015.9 23.8 45 2.2 0 1
1015.6 26.1 44 1.2 0 1
1015.1 26.1 56 2.7 0 1
1014.3 26.4 52 2.7 0 1
1013.5 26.6 53 2.5 0 1
1013.3 26.8 55 2.8 0 1
1013.4 26.3 53 2.5 0 1
1013.6 25.9 53 2.4 0 1
1014.2 25 60 3.1 0 0.6
1014.7 24.8 62 2 0 0
1015.6 24.1 62 2.3 0 0
1017.7 20.8 67 1.7 0 0
1018.8 21.3 66 1.6 0 0
1019.4 22.9 60 1.5 0 0.6
1019.8 24.4 54 1.7 0 0.8
1019.5 25.7 55 4.4 0 0.9
1019 26 59 5.1 0 0.9
1018.4 25.8 59 4.7 0 1
1018 25.5 61 6.1 0 1
1017.8 25 66 5.8 0 1
1017.8 24.2 66 6.4 0 0.9
1018.5 23.3 68 5 0 0.1
1019.6 23.1 65 3.9 0 0
1020.3 23 64 2.1 0 0
1020.7 22.7 63 1 0 0
1020.4 20.6 67 1.9 0 0
1020.9 21.1 63 1.9 0 0
1021.5 21.6 62 2.1 0 0.1
1021.6 23 57 2 0 0.2
1021.4 24 61 4.8 0 0.3
1021 23 68 4.8 0 0
1020.1 24.2 60 3 0 0.3
1019 24.9 62 4.6 0 0.8
1018.5 24.9 56 4.1 0 0.9
1018.3 24.6 58 4.2 0 0.8
1018.6 23.9 63 3.8 0 0.8
1019.1 23.5 63 3.3 0 0.4
1019.8 22.9 61 1.6 0 0
1020.3 22.2 65 1.2 0 0
1018.4 19.8 70 2.5 0 0
1018.9 19.6 70 3 0 0
1019.5 21.3 66 2.1 0 0.9
1019.6 23 62 1.5 0 0.8
1019.4 25 67 2.5 0 0.7
1018.6 26.2 59 2.8 0 0.9
1017.7 25.2 63 4.2 0 0.8
1016.6 24.9 60 3.3 0 0.6
1016.2 24.2 66 4.6 0 0.8
1015.6 25.1 57 2.9 0 0
1015.6 25.2 58 2.1 0 0.3
1015.9 24.2 66 2.3 0 0.8
1016.4 23.3 65 1.3 0 0
1017.1 23.2 66 0.8 0 0
1015.2 20.7 70 2.1 0 0
1015.8 20.8 69 2.5 0 0
1016.2 21.5 67 2.1 0 0.1
1016.7 23 61 1.4 0 0
1016.5 24.5 58 0.9 0 0.1
1016.2 24.9 70 2.3 0 0.1
1015.5 25.4 68 3.6 0 0.1
1014.5 26.3 65 3.6 0 0.8
1014.1 25.6 69 4 0 1
1014.2 24.9 70 3.2 0 0.2
1014.3 24.7 72 3.8 0 0
1015 24.4 73 3.5 0 0
1015.9 24.2 74 3 0 0
1016.4 24 70 2.5 0 0
1018.4 22.4 68 1.8 0 0
1019.5 22.4 70 1.8 0 0
1020.4 22.4 72 1.8 0 0
1020.8 22.8 70 1.4 0 0
1021.5 21.1 84 3.5 0 0
1021 22.1 79 1.5 0 0
1020 23.2 60 3.6 0 0
1019.6 22.8 67 1.8 0 0
1019.3 24.5 49 4 0 0.1
1018.9 24.6 47 4.2 0 1
1018.9 24.4 50 3.1 0 1
1019.2 23.7 54 2.4 0 0.7
1019.9 23.3 54 1.7 0 0
1020.1 22.6 58 1.4 0 0
1018.8 20.7 61 2.3 0 0
1019.5 20.7 61 2.7 0 0
1020.1 21.5 55 2.6 0 0
1020.4 22.8 52 2.3 0 0.7
1020.1 25 48 1.5 0 0.5
1019.2 26.1 58 1.8 0 0.2
1018.1 26.2 57 2.3 0 0.7
1017.3 25.4 62 3.2 0 0.1
1017.3 24.9 66 2.6 0 0
1017.2 25.3 65 2.2 0 0
1017.4 25.1 63 2.4 0 0
1018.1 24.8 65 2.2 0 0
1018.8 24.5 68 1.6 0 0
1019.5 24.6 64 1.3 0 0
1018.5 23.3 61 1.4 0 0
1018.8 23.8 59 1.3 0 0
1019.6 24.2 61 0.7 0 0
1020.1 26 66 1.9 0 0
1020.1 26.7 59 2 0 0
1019.4 27 55 3 0 0.2
1018.4 27.1 59 4.2 0 0.7
1017.5 26.4 63 3.7 0 0.2
1017.2 25.6 68 5.1 0 0
1017.5 24.9 73 3.6 0 0
1017.9 24.8 73 3.5 0 0.4
1018.7 24.1 74 2.9 0 0
1019.6 23.9 72 2.4 0 0
1020.3 23.6 68 1.5 0 0
1019.8 22 73 1.5 0 0
1020.1 22.2 73 1.1 0 0
1020.8 22.4 72 1.5 0 0
1021.5 23 69 1.4 0 0
1021.4 23.8 67 1.6 0 0
1020.8 24.5 69 2.6 0 0.1
1020 24.1 69 2.6 0 0
1019 24.2 67 4.4 0 0
1019 23.9 66 4.7 0 0.2
1019.1 23.2 66 3.6 0 0.2
1019.2 23.2 66 3.1 0 0
1019.7 22.4 73 2.9 0 0
1020 21.7 67 1.6 0 0
1020.7 21.7 67 1.6 0 0
1021.5 19.6 70 2.1 0 0
1021.9 19.7 69 2.2 0 0.1
1022.3 20.8 66 1.6 0 0.1
1022.6 22.4 62 1.6 0 0.5
1022.3 23.9 60 2.9 0 0.7
1021.4 24.1 61 3.7 0 1
1020.3 24.1 61 3.6 0 0.6
1019.2 24.3 60 3.8 0 0.1
1018.5 23.7 65 3.4 0 0.2
1018.4 23.3 68 3 0 0
1018.7 23 70 2.5 0 0
1019.3 23.1 69 1.4 0 0
1020 23.1 67 1.3 0 0
1020.4 22.8 71 1.9 0 0
1019.1 20.8 75 1.9 0 0
1019.5 21.1 73 1.7 0 0
1019.7 21.8 70 1.5 0 0
1020.2 24.1 63 1 0 0.1
1020 24 65 1.1 0 0
1019.3 24.5 64 1.3 0 0
1018.3 25.5 67 2.7 0 0.3
1017.6 25.2 69 2.6 0 0
1017.2 25 70 2.9 0 0
1016.6 25 73 2.4 0 0
1016.6 24.6 74 2.8 0 0.1
1017.3 24.2 76 2.4 0 0
1017.6 24 74 1.3 0 0
1017.9 23.6 72 1.1 0 0
1014.8 21.9 77 1.5 0 0
1015.2 22.3 75 0.8 0 0
1015.4 23.3 73 1 0 0.1
1015.7 24.8 67 1.4 0 0.3
1015.1 25.2 65 1.2 0 0.1
1014.3 26.5 59 1 0 0.5
1013 26.6 66 2.1 0 0.5
1012.1 26.6 69 2.8 0 0.6
1011.6 26.5 69 2.6 0 0.9
1011.6 25.6 74 2 0 0.7
1011.9 25.1 74 2.3 0 0
1012.4 23.7 79 1.6 0 0
1012.9 23.2 81 1.8 0 0
1013.3 23.3 81 1.1 0 0
1012.6 22 90 0.7 0 0
1013.4 22.3 87 1 0 0
1014.3 22.6 91 1 0 0
1014.7 22.6 92 1.4 0 0
1014.4 23.6 85 1.9 0 0
1013.8 24.1 80 2.3 0 0
1012.8 24.1 80 3.1 0 0
1011.8 24.7 76 3.4 0 0.3
1011.7 24 76 3.1 0 0.1
1011.9 23.4 81 2.7 0 0
1012.3 23.6 76 2.3 0 0
1013 22.7 83 1.1 0 0
1013.8 22.1 89 1.2 0 0
1014.4 21.9 89 1 0 0
1013.6 21.3 84 1 0 0
1014.2 21.6 82 1 0 0
1014.4 22.9 78 1 0 0.1
1014.6 24.1 74 0.5 0 0.3
1014.3 24.5 71 2.1 0 0.2
1013.9 24.5 73 2.6 0 0.2
1013 25 71 1.9 0 0.2
1012.1 24.9 73 2.5 0 0.2
1011.6 24.8 73 2.5 0 0
1011.7 24.6 75 2.8 0 0.1
1012.1 24 76 3.2 0 0
1012.8 23.7 79 3.3 0 0
1013.6 23 80 2.3 0 0
1014.3 22.8 80 2.1 0 0
1015.7 20.7 62 2 0 0
1016.5 21 59 2 0 0
1017.2 21.1 58 1.8 0 0
1018 21.2 58 1.9 0 0
1018.1 21.3 58 1.8 0 0
1017.8 21.7 56 1.3 0 0
1017.1 22.1 55 1.3 0 0
1016.3 22.4 55 1.7 0 0
1015.7 23 53 1.9 0 0
1015.5 23.5 52 1.3 0 0.2
1015.6 23 52 1.8 0 0.4
1016.1 22.1 58 1.5 0 0
1016.6 21.6 60 1.5 0 0
1017.2 21.3 63 1.2 0 0
1016.4 19.2 66 2.5 0 0
1016.8 19.4 63 2.2 0 0
1017.3 20.8 56 2.5 0 0.4
1017.9 21.3 55 2 0 0.3
1017.5 22.3 53 1.8 0 0
1016.9 23.5 51 1 0 0
1015.8 24.1 57 1.6 0 0
1014.9 24.4 56 1.7 0 0
1014.3 24.7 56 1.8 0 0.4
1013.9 24.2 58 1.5 0 0
1014.2 23.8 60 0.9 0 0
1014.7 23.5 59 1.1 0 0
1015.4 23 60 0.7 0 0
1015.6 22.8 61 0.7 0 0
1014.6 21.4 63 1.5 0 0
1015.3 21.7 59 1.5 0 0
1015.7 22.2 56 2 0 0.1
1016.3 23.2 54 1.3 0 0.2
1016.2 25.7 49 1.9 0 0.5
1015.2 27 50 0.7 0 0.8
1014.2 26.9 65 2.1 0 1
1013 26.6 65 2.4 0 1
1012.4 26.6 69 1.7 0 1
1012.4 25.6 74 2.3 0 0.3
1012.6 25.4 74 1.5 0 0
1013.1 25.3 74 1.5 0 0
1013.7 25.2 75 1.5 0 0
1014.1 25.1 73 0.8 0 0
1013.9 23.5 76 0.8 0 0
1014.5 23.5 76 0.9 0 0
1015.1 23.4 80 1.7 0 0
1015.6 24.9 80 1.2 0 0
1015.5 25.9 74 2.1 0 0.1
1014.9 25.7 77 3.1 0 0.5
1013.8 26.4 75 2.9 0 0
1013 25.6 78 2.9 0 0
1012.5 25.5 81 2.3 0 0
1012.2 25.2 85 2.9 0 0
1012.3 24.9 86 2 0 0
1012.7 24.1 92 1.3 0 0
1013.4 24 92 1 0 0
1013.9 23.8 93 0.8 0 0
1013.6 23.1 95 0.8 2 0
1014.1 23.1 96 1.1 0.5 0
1014.5 23.6 95 0.9 0 0
1015.1 24 95 0.4 1 0
1015.1 24.1 95 0.3 1 0
1014.3 24.7 95 0.5 1 0
1013 26.9 86 1.3 0 0.2
1012.4 26.5 85 1.1 0 0.6
1011.8 26.7 83 1.3 0 1
1011.8 26.7 81 1.2 0 0.5
1012 26.2 82 1 0 0
1012.5 26 83 1.1 0 0
1013.1 25.9 84 1 0 0
1013.6 25.9 86 0.8 0 0
1013.8 23.9 81 1.5 0 0
1014.5 24 77 1.1 0 0
1015.2 25.5 74 1.5 0 0.3
1016 26.3 83 1.4 0 0.4
1016.3 26.3 79 3.4 0 0.8
1016.1 25.1 84 3.9 0 0.3
1015.3 25.1 82 3.9 0 0
1014.8 25.2 80 4.3 0 0
1014.6 25.3 80 4 0 0
1014.8 24.7 82 4.1 0 0
1015.1 24.5 81 3.2 0 0
1015.8 24.2 81 2.8 0 0
1016.6 24 80 3 0 0
1017.3 23.8 79 2.3 0 0
1019.1 22 75 1.1 0 0
1019.7 22 75 1.5 0 0
1020.4 22.7 73 1.5 0 0
1021.1 23.5 70 1.5 0 0
1021.3 24.6 68 1.6 0 0.2
1020.6 24.9 70 2.9 0 0.4
1019.7 25.4 70 2.9 0 0.1
1018.7 25.6 69 4.1 0 0.8
1018.1 25.3 73 4.3 0 1
1017.9 25.1 75 3.6 0 0.9
1018.1 24.6 74 3.7 0 0.7
1018.7 23.9 78 2.6 0 0.1
1019.3 23.8 78 2.8 0 0
1019.8 23.7 80 2 0 0
1019 21.1 83 1.2 0 0
1019.5 21.4 78 1.5 0 0
1020 22.8 73 1.8 0 0.6
1020.2 25.3 70 1.9 0 1
1020.4 25.4 77 2.2 0 0.7
1020 26.1 75 2.8 0 0.9
1018.8 26.1 75 2.7 0 1
1017.7 26.6 71 2.4 0 1
1017.1 26.6 70 2.2 0 0.6
1016.7 26.4 68 1.9 0 0
1016.5 26.2 71 1.7 0 0
1016.9 25.9 74 1.3 0 0
1017.2 25.3 77 0.9 0 0
1017.8 25.3 78 0.8 0 0
1015.9 21.9 65 1.3 0 0
1016.4 21.8 68 1.7 0 0.2
1016.8 23.3 61 1.6 0 1
1017 25.4 56 1.3 0 1
1016.6 27.1 58 0.6 0 1
1016 26.8 65 1.8 0 1
1015 26.9 68 1.9 0 1
1014 27.5 67 1.8 0 1
1013.6 27.2 71 1.7 0 1
1013.4 26.9 71 1.8 0 1
1013.8 26.1 73 1.3 0 0.6
1014.3 26 71 1 0 0
1014.8 25.5 73 0.6 0 0
1015.4 25 74 0.8 0 0
1016 22.1 75 1.6 0 0
1016.2 22.3 70 2.7 0 0.2
1017 23.4 70 1.7 0 1
1017.6 26.2 61 1.1 0 1
1018.1 24 75 6.1 0 0.9
1018.5 22.1 75 6.5 0 0.4
1018.2 21.9 74 6 0 0
1017.9 21.4 71 6 0 0
1018.2 21 70 6.3 0 0
1018.6 20.7 70 4.6 0 0
1019.2 20.4 69 3.8 0 0
1020.2 20.5 65 3.5 0 0
1020.9 20.2 66 3.5 0 0
1022.1 19.9 68 3.1 0 0
