1019 19.9 92 2.2 0 0
1019.4 20.2 91 2.9 0 0.1
1019.8 21 89 3.1 0 0.3
1019.9 22.2 84 2.9 0 0.4
1019.5 24.3 78 1.8 0 0.4
1018.5 26.3 67 2.4 0 1
1017.6 26.4 69 3.3 0 0.9
1016.8 26.6 69 2.1 0 0.9
1016.2 26.8 67 2.3 0 0.9
1016.3 26.3 68 2.5 0 0.8
1016.6 25 78 4.8 0 0.1
1017.2 23.9 81 5.4 0 0
1017.4 23.5 80 5.4 0 0
1018.1 22.4 78 8.1 0 0
1020.2 19.4 67 3.3 0 0
1020.9 19.3 67 2.4 0 0
1021.4 18.1 81 1.9 0 0
1021.6 18.3 80 2.1 0 0
1021.6 18.6 78 2.8 0 0
1021 18.5 78 1.3 0 0
1020.6 18.4 79 3 0 0
1019.6 18.8 68 3.4 0 0
1019.2 18.5 69 2.8 0 0
1019.3 18.2 74 2.5 0 0
1019.9 18.3 71 1.4 0 0
1020.5 18.5 65 3.5 0 0
1020.8 18.2 69 1.9 0 0
1021.4 18.2 69 1.5 0 0
1021.8 16.2 75 1.8 0 0
1022.5 16.5 70 1.5 0 0.4
1023.1 19.1 46 3.7 0 1
1023.3 20.2 45 5 0 1
1022.6 21.2 43 2.9 0 1
1022.2 21.4 45 5.7 0 1
1021.6 20.6 45 4.1 0 0.5
1020.7 20.1 46 3.2 0 0
1020.3 19.9 48 2.6 0 0
1020 19.7 48 1.9 0 0
1019.7 19.6 48 3 0 0
1020 19.2 55 1.8 0 0
1020.9 19.3 53 2.2 0 0
1021.5 19.2 54 3.9 0 0
1020.4 14.5 78 3.8 0 0
1020.7 14.9 75 3.8 0 0.5
1021 16.9 72 2.8 0 1
1021 19.5 62 2.8 0 1
1020.4 21.3 55 2.4 0 1
1019.1 23 50 1.9 0 1
1017.9 24.1 46 2.6 0 1
1016.9 24 41 3.1 0 1
1016.4 23.8 43 2.8 0 1
1016.4 23.3 44 2.7 0 0.8
1016.7 22.7 46 2.4 0 1
1017.5 21.6 50 2.6 0 0.5
1017.9 20.9 56 1.9 0 0
1018.5 21 56 2.3 0 0
1018 17.4 76 3.8 0 0
1018.5 17.8 74 3.7 0 0.4
1019.1 20.1 67 3.2 0 1
1019.2 22.8 57 2.4 0 1
1018.5 24.4 53 2 0 1
1017.8 24.9 52 4 0 1
1017.2 25.2 54 4.3 0 1
1016.7 24.8 57 4 0 0.8
1016.2 24.6 58 3.8 0 0.3
1016.2 24.1 59 3.1 0 0.1
1016.7 23.2 63 1.9 0 0
1017.3 22.9 66 2.8 0 0
1017.7 22.5 67 3.3 0 0
1018.1 22.4 67 3.1 0 0
1016.7 19.9 83 2.3 0 0
1017.1 19.4 79 4 0 0.2
1017.3 20.9 75 2.6 0 1
1017.4 23.5 65 2.5 0 1
1016.9 24.8 57 1.3 0 1
1016 24.8 59 3.2 0 1
1015.3 25.6 59 2.9 0 0.9
1014.4 24.7 62 1.7 0 0.3
1013.8 24.7 62 2.1 0 0
1013.6 24.3 61 1.4 0 0
1013.6 24.2 63 2 0 0
1014.4 23.8 66 1.5 0 0
1014.6 22.7 70 1.3 0 0
1015.1 22.2 68 1.8 0 0
1014.5 19.1 75 3.9 0 0
1015 18.9 77 4.4 0 0
1015.2 20.4 71 3.8 0 0.3
1015.5 23 64 3.1 0 0.8
1014.9 25.2 58 1 0 1
1014.3 25.9 58 2.2 0 1
1013.4 25.9 61 2.9 0 1
1012.6 25.2 65 2.4 0 0.5
1012 24.8 64 2.5 0 0.3
1011.8 24.9 64 1.9 0 0.1
1012.2 24.9 61 1.7 0 0.1
1013 23.9 65 0.8 0 0
1013.5 23.7 68 1.5 0 0
1013.8 23 72 1.3 0 0
1013.8 18.7 72 4.1 0 0
1014.3 18.9 65 4.5 0 0.6
1014.8 20.3 62 4.5 0 1
1015.4 22.9 59 3.7 0 1
1015.2 24.1 55 2.1 0 1
1014.5 25.5 53 1.5 0 1
1013.9 25.8 56 3.8 0 1
1013.1 26 57 4 0 1
1012.9 25.5 61 4.1 0 0.9
1013.2 25.7 57 3.2 0 1
1013.7 25 61 2.4 0 0.7
1014.3 24.5 64 1.6 0 0
1014.6 24.1 66 2.4 0 0
1015.4 24.1 68 3.1 0 0
1018.3 21.7 59 2.4 0 0
1019.3 20.7 71 1.8 0 0
1019.9 22.8 59 1.6 0 0.8
1020.5 23.8 60 3.3 0 0.6
1020.6 23.9 65 6.6 0 0.3
1020.1 23.4 64 8 0 0.2
1019.8 23.4 64 7.2 0 0.1
1019.6 22.3 69 7.3 0 0
1019.3 22.1 66 7.5 0 0
1019.3 22.1 66 6.6 0 0
1019.7 21.8 68 7.8 0 0
1020.7 21.5 69 8.1 0 0
1021.4 21.5 67 6.1 0 0
1022.2 21.1 70 6.4 0 0
1021.1 20.2 72 1.6 0 0
1021.5 21.4 65 3 0 0
1022 21.7 64 1.7 0 0
1022.3 22.3 66 3.7 0 0
1022.1 21.9 71 6.3 0 0
1021.6 22.1 65 5.8 0 0
1020.8 22.7 69 4.9 0 0
1019.8 23.2 64 4.1 0 0.3
1019.3 22.8 67 5.3 0 0
1019.3 22 72 4.5 0 0
1019.3 22.1 69 3.4 0 0
1019.7 21.5 73 4.1 0 0
1019.8 20.7 79 3.4 0 0
1020.5 21.2 73 1.5 0 0
1018.8 18.4 88 1.1 0 0
1019.4 17.4 92 2.2 0.5 0
1019.5 18.4 94 2.1 2 0
1019.6 19.5 92 2.7 0 0.1
1019.4 22 81 1 0 0.3
1018.7 23.8 73 4.2 0 0.1
1017.7 24.4 65 2.9 0 0.6
1016.9 23.5 73 4.4 0 0
1016.3 23.2 75 3.7 0 0
1015.9 23 75 3.4 0 0
1015.9 23.1 70 2.9 0 0
1016.1 21.7 82 3 0 0
1016.6 21.6 81 2.4 0 0
1017.2 21.6 83 1.7 0 0
1015.2 18.5 83 1.4 0 0
1016 18.8 81 2.4 0 0
1016.7 19.4 82 2.9 0 0
1016.9 22 76 1.2 0 0.2
1016.4 24.4 69 4.7 0 0.9
1015.9 25.2 65 4.5 0 1
1015.3 25.3 65 3.8 0 0.9
1014.7 24.8 66 4.3 0 0.5
1014.5 24.7 67 3.9 0 0
1014.5 24.1 65 4.9 0 0
1014.8 23.9 65 5.3 0 0
1015.3 23.7 64 5.8 0 0
1016.1 23.6 60 3.8 0 0
1016.7 23.5 58 3.7 0 0
1018.9 22.6 72 5.9 0 0
1019.8 22.6 66 6.7 0 0
1020.5 23 65 5.8 0 0
1021 23.2 59 7 0 0
1021.1 23.7 52 7.5 0 0.4
1020.9 24.3 51 5.7 0 0.6
1020.7 23.8 52 5.5 0 0
1020 24.3 47 4.7 0 0.2
1019.6 24.3 49 3.9 0 0.2
1019.6 23.7 51 2.4 0 0
1019.5 23.3 51 2.4 0 0
1019.5 22.2 57 2.5 0 0
1019.9 21.5 60 2.1 0 0
1020.4 21.6 58 2.2 0 0
1018.8 18.3 63 4 0 0
1019.5 18.5 66 4.2 0 0.2
1020 19.6 63 3.8 0 0.9
1020.2 20.3 63 3.6 0 0.3
1019.6 23.9 54 2 0 0.7
1018.7 25.1 57 1.1 0 1
1017.9 25.2 58 1.9 0 1
1016.9 25.7 61 3.1 0 1
1017 24.9 63 2.4 0 0.7
1017.1 25.7 61 1.6 0 0.4
1017.3 24.7 66 2.2 0 0
1017.9 24.3 66 1.7 0 0
1018.4 24.2 66 1 0 0
1018.7 23.8 69 1.1 0 0
1018.6 21.4 76 1.8 0 0
1019.1 21.8 76 1.8 0 0
1019.8 22.7 74 1.5 0 0
1020 25 65 2.1 0 0
1020.1 25.3 69 5 0 0
1020 24.4 76 6.6 0 0
1019.4 24 77 7.7 0 0
1018.8 23.2 76 7.4 0 0
1018.6 22.9 75 6.6 0 0
1018.7 22.5 77 7.6 0 0
1019.6 22.2 77 7.4 0 0
1020 22 79 4.9 0 0
1020.5 22.3 77 4.3 0 0
1021.1 21.8 80 4.1 0 0
1020.7 20.9 85 3.7 0 0
1021.2 20.8 85 5.4 0 0
1021.7 20.6 84 6.7 0 0
1022.4 21.1 78 7.4 0 0
1022.5 20.9 78 6.5 0 0
1022.1 21.3 77 6.4 0 0
1021.6 21.3 75 5.2 0 0
1020.5 20.8 76 6.4 0 0
1020.4 20.6 76 7.2 0 0
1020.4 20.5 78 6.9 0 0
1020.7 20.2 78 7.1 0 0
1021.1 19.7 80 6.7 0 0
1021.6 19.5 77 7 0 0
1022.1 19.5 76 6.5 0 0
1022 18.8 78 1.9 0 0
1022.4 19.2 75 1.3 0 0
1022.7 19.6 75 1.7 0 0
1022.7 20.6 70 0.8 0 0
1022.7 21.4 72 3.5 0 0
1022 21.8 70 4.4 0 0
1021 21.9 70 3.7 0 0
1019.5 21.9 71 4.1 0 0
1018.9 22.1 70 2.7 0 0
1019 21.7 71 3.6 0 0
1019.4 21.4 73 2.8 0 0
1019.9 21.1 74 1.7 0 0
1020.4 20.6 79 1.4 0 0
1020.8 19.8 88 1.7 0 0
1019 18.5 89 2.6 0 0
1019.6 18.9 88 2.4 0 0
1020 19.8 84 1.7 0 0
1020.4 21.2 78 1.5 0 0
1019.9 22.9 78 2.5 0 0
1019.2 23.4 78 4.2 0 0
1018.7 23.5 75 7 0 0
1017.9 23.2 77 4.6 0 0
1017.3 23.7 75 4.9 0 0.3
1017.2 22.8 79 6 0 0.1
1017.7 21.8 87 5.5 0 0
1017.8 21.1 88 6.5 0.5 0
1018.3 21.3 85 6 0 0
1018.7 21.5 83 5.8 0 0
1014.5 20.6 90 2.2 0 0
1014.5 20.5 90 2.8 0 0
1014.4 21.4 87 2.3 0 0
1014.7 24.1 76 3.3 0 0.5
1014.3 26.2 69 1.6 0 0.8
1013.3 24.8 69 1.1 0 0.3
1012.3 25.1 72 3 0 0.2
1011.5 25.1 72 3.9 0 0
1011 24.9 75 4.6 0 0
1010.8 24.5 77 3.5 0 0
1011.2 24.1 78 1.2 0 0
1011.6 23.1 86 1 0 0
1012 22.3 92 0.5 1.5 0
1012.4 21.8 95 1.5 0.5 0
1012.4 20.6 96 1.3 1.5 0
1013.2 20.3 96 2.2 1 0
1013.5 20.6 95 1.8 0.5 0
1014.1 21.4 93 2.2 0 0
1014.1 20.9 92 2.1 0 0
1013.3 21.4 93 1.5 0 0
1012.5 21.5 93 1.6 0 0
1011.6 21.3 90 2.2 0 0
1011.5 21.3 90 2.1 0 0
1011.7 20.7 92 2.4 0 0
1012.4 20.4 94 1.5 0 0
1013 20.2 95 2 1 0
1013.8 20 95 2.6 0.5 0
1014.4 19.8 95 1.8 0.5 0
1013.4 19.4 97 1.8 0 0
1013.8 19.5 96 1.7 0 0
1014.4 20.2 96 1.2 0 0
1014.6 21 91 1.5 0 0
1014.4 21.3 88 1.2 0 0
1013.7 21.6 88 3.3 0.5 0
1013 21.5 87 2.9 0 0
1012 21.3 88 2.6 0 0
1011.9 21.3 87 2.6 0 0
1012.1 21.2 88 2.5 0 0
1012.4 21.1 86 3.7 0 0
1012.9 21.2 82 4.8 0 0
1013.6 21.4 82 4.7 0 0
1014.1 21.5 81 4.9 0.5 0
1016.4 19.3 62 1.6 0 0
1017.2 18.8 74 1.7 0 0
1017.9 19.6 65 1.5 0 0
1018.4 20.4 72 1.7 0 0
1018.1 22 57 1.8 0 0
1017.5 22.3 60 4.6 0 0
1016.6 22.3 61 4.8 0 0
1015.9 21.5 60 4 0 0.1
1015.6 21.4 61 1.8 0 0
1015.6 20.7 67 3.4 0 0
1015.6 20.5 67 3 0 0
1015.9 20.6 66 2.9 0 0
1016.5 20.5 67 1.2 0 0
1016.7 20.4 67 2 0 0
1016 17 71 4.2 0 0
1016.4 17.3 72 5.3 0 0
1016.7 18.1 74 5.1 0 0.4
1017.2 20.3 68 4.4 0 1
1016.8 22.2 66 2.5 0 1
1016 23.7 59 2.1 0 1
1015 24.5 56 1.5 0 1
1014.3 24.8 59 1.8 0 1
1013.6 24.5 61 2.2 0 1
1013.5 24 62 2 0 1
1013.7 23.4 64 1.8 0 0.9
1014.1 22.6 67 0.6 0 0.5
1014.7 21.4 74 1.6 0 0
1015.1 21.4 71 1.8 0 0
1013.7 18.2 81 3.9 0 0
1014.2 18.3 84 5 0 0.3
1015.3 19.8 79 4 0 1
1015.9 21.8 73 3.4 0 0.5
1015.6 24.2 64 2.2 0 1
1014.4 25.8 57 2.2 0 1
1013.2 25.9 55 1.6 0 1
1012.3 26.1 66 2.7 0 1
1012.1 25.8 71 2.2 0 1
1012.2 25.2 72 2.3 0 1
1012.3 24.7 72 2.1 0 0.4
1012.6 23.8 75 1.1 0 0.1
1013.1 23.7 76 1.3 0 0
1013.4 23 81 0.6 0 0
1013.4 21.7 74 3 0 0
1013.9 21.9 76 2.1 0 0
1014.5 22.1 79 1.4 0 0
1015.1 23.4 77 2.4 0 0
1014.9 24.9 71 1.7 0 0
1014.2 25.1 73 2.2 0 0
1013.1 25.3 82 3.3 0 0
1012.2 25.3 82 3.4 0 0
1011.6 25 84 2.8 0 0.1
1011.5 24.4 87 4.6 0 0
1011.6 24.3 87 4.1 0 0
1011.9 23.7 91 3.9 0 0
1012.6 23.7 89 4.1 0 0
1013 23.7 91 3.2 0 0
1012.8 22.2 96 2.5 0 0
1013.2 22.3 95 2.9 0 0
1013.5 23.4 90 2.6 0 0.5
1013.8 24.8 87 2.5 0 0.6
1013.8 25.4 85 2.5 0 0.1
1013.2 25.6 86 1.7 0 0.3
1012.3 26.4 80 1.9 0 0
1011.5 26.2 82 3.2 0 0
1011 26.4 82 2.8 0 0
1011 26 84 3.6 0 0
1011.2 25.9 84 4.6 0 0
1011.6 25.5 87 3 0 0
1012.4 25.3 87 2.9 0 0
1013.1 25.3 88 1.2 0 0
1013.8 23.6 87 5.3 0 0
1014.6 23.5 86 5.1 0 0
1015.4 23.6 83 7.1 0 0
1016.3 23.7 83 5.5 0 0
1016.7 23.9 82 4.4 0 0
1016.4 24.1 80 5.4 0 0
1015.8 23.9 80 5.3 0 0
1015.5 23.5 81 6.1 0 0
1015.5 23 82 6.1 0 0
1015.8 22.7 81 5.4 0 0
1016.3 21.6 87 6 0 0
1016.9 21.9 82 5.9 0 0
1017.6 22 79 5.6 0 0
1018.3 22.2 79 4 0 0
1019.7 20.6 88 1.8 0 0
1020.3 20.9 88 1.5 0 0
1020.7 21.1 87 1.4 0 0
1021.2 21.5 85 2.2 0 0
1021.3 22 85 1 0 0
1020.7 23.2 75 2.8 0 0.1
1019.7 24.2 71 3.8 0 0.7
1018.8 23.7 78 3.4 0 0.4
1018.2 24.3 75 3.1 0 0.2
1018 23.5 77 2.7 0 0.4
1018.2 23.2 77 2.6 0 0
1018.7 23 80 2.6 0 0
1019.3 22.9 81 1.4 0 0
1019.5 22.8 80 2.4 0 0
1018.7 19.2 90 2.8 0 0
1018.9 19.5 87 4 0 0.1
1019.3 20.6 85 3.8 0 1
1019.5 23.1 76 2.8 0 1
1019.6 24.7 66 2.5 0 1
1019.1 25.6 65 1.5 0 1
1018 26.2 68 2.9 0 1
1017.2 26.1 79 3.4 0 1
1016.5 26.1 79 1.8 0 1
1016 24.6 82 1.7 0 0.6
1016.1 24.4 82 1.4 0 0
1016.4 24.3 82 1.7 0 0
1016.8 23.9 89 2.4 0 0
1017.3 23.9 87 0.9 0 0
1014.8 20.2 75 3.9 0 0
1015.7 20.1 80 4 0 0.3
1016.1 21.3 76 4.5 0 1
1016.1 23.6 68 4.7 0 1
1015.7 25.7 58 3.6 0 1
1015 26.9 62 2.9 0 1
1014.1 27.2 69 4.3 0 1
1013.4 27.1 71 4.2 0 1
1013.1 26.5 74 3.5 0 0.9
1012.9 26.4 74 3 0 0.8
1013.1 25.8 77 1.8 0 0.9
1013.7 25 80 1.2 0 0.5
1014.3 24.5 82 0.4 0 0
1014.8 24.4 82 1 0 0
1016 22.4 75 1.6 0 0
1016.8 22.3 80 8.9 0 0
1018.1 21.8 73 9.2 0 0
1019.2 20.7 72 10.8 0 0
1020.1 19.8 71 9.6 0 0
1020.2 19.9 70 9.3 0 0.1
1020.1 19.2 68 8.5 0 0.1
1019.7 19 68 8.1 0 0
1019.7 19.1 70 8 0 0
1019.9 18.6 70 8 0 0
1020.7 18.1 69 7 0 0
1021.7 17.5 73 8.6 0 0
1022.6 17.6 68 8.6 0 0
1023.5 17.6 67 6.1 0 0
