927.8 16.1 100 2.7 0 0
928.4 16.1 100 1.3 0 0
928.7 16.7 100 1 0 0
929 16.9 100 1.7 0 0
929.1 17.1 100 3.3 0 0
928.5 17.1 100 4.1 0.5 0
927.8 15.6 100 6.3 0 0
927.4 15.4 100 5.9 0 0
927.1 15.3 100 5.2 6 0
927 15 100 6 5.5 0
927.1 14.4 100 7.9 3.5 0
927.5 13.4 100 7.1 2 0
928 12.4 100 9.3 2.5 0
929.2 11.8 100 5.9 1.5 0
929 7.8 100 7 0 0
929.6 8.2 97 6.6 0 0
929.9 9.2 93 4.7 0 0.2
930.2 9.8 90 5.4 0 0.1
930.1 10.4 84 5.5 0 0.6
929.4 11.5 77 4.8 0 0.7
928.7 11 77 4.6 0 0.9
927.7 10.6 74 5.1 0 0.8
927.2 10.1 78 4.7 0 1
927.1 9.6 82 5.4 0 1
927.5 8.3 90 3.5 0 0.1
927.6 7.7 85 2.2 0 0
927.9 8.1 67 3.6 0 0
928.1 8.5 53 7.3 0 0
928.9 8.5 74 5.9 0 0
929.6 9 72 5.3 0 0
930.2 9.6 71 3.7 0 1
930.1 10.8 71 4.2 0 1
929.9 11.4 68 5.3 0 1
929.4 11.6 70 4.8 0 1
928.6 11.9 68 2.3 0 0.9
927.8 12.2 67 1.4 0 1
927.3 10.7 75 3.4 0 0.8
927.2 10.3 77 1.9 0 1
927.3 9.1 81 1.5 0 0.1
927.4 8.6 86 1.6 0 0
927.6 8.2 86 1.8 0 0
928.1 8.3 87 2.2 0 0
927 9.9 97 3.5 0 0
927.6 10.3 98 2.6 0 0
928 11.6 93 2.1 0 0.8
928 13 87 3.7 0 1
927.5 14.2 85 2.8 0 1
927.2 13.9 88 3.2 0 0.6
926.3 14.3 86 3.8 0 1
925.5 14.3 87 3.8 0 0.9
924.9 14.3 86 3.4 0 0.9
924.8 13.2 90 2.7 0 0.6
924.8 12.6 93 2.9 0 0
925.3 12.3 96 2.3 0 0
925.7 12.2 97 2.1 0 0
926.2 12.3 98 1.6 0 0
925.7 12.2 95 3.3 0 0
926.4 12.3 94 3.4 0 0
926.8 12.8 92 3.1 0 0
926.9 13.6 89 3.8 0 0.4
926.8 14 89 4.9 0 0.5
926.3 14.6 87 5.5 0 0.3
925.9 14.8 86 3.8 0 0.5
925.4 14.2 88 5.8 0 0.5
925.1 14 90 4.6 0 0.1
925.2 13.8 92 3.7 0 0
925.5 13.7 93 3.8 0 0
926.1 13.3 95 3.1 0 0
926.2 13.2 97 3.2 0 0
926.4 13.2 98 2.9 0 0
925.1 14.4 100 2.4 0 0
925.6 14.5 100 2.5 0 0
926 14.7 100 2.6 0 0
926 15.1 100 2.1 0 0
925.9 15.1 100 2.7 0 0
925 15.8 97 2.9 0 0.1
924 16.7 94 2.2 0 0.1
923.2 16.4 94 3.2 0 0.1
922.8 16 94 4.8 0 0.1
922.7 15.8 94 3.7 0 0.1
922.9 15.5 95 4 0 0
923.1 15.3 97 3.5 0 0
923.4 15 98 2.4 0 0
923.6 15 96 3 0 0
923.3 14.7 93 2.7 0 0
923.7 14.8 92 2.4 0 0
923.8 15.9 88 2.9 0 0.8
924.3 17.1 84 2.9 0 1
924.1 18.5 78 3.1 0 1
923.5 19.4 79 2.2 0 1
922.5 20.1 80 1.7 0 1
921.8 18.6 85 1.7 0 0.7
921.4 19.3 81 2.1 0 0.9
921.2 17.6 84 2.2 0 1
921.5 15.9 90 4.1 0 0.2
922.1 15.4 91 3.4 0 0
922.7 15.3 93 2.4 0 0
923.2 15.3 94 3 0 0
922.8 11.9 99 2.2 0 0
923.3 13.2 93 0.5 0 0
923.7 15.4 95 0.8 0 1
924.3 17.9 84 1.6 0 1
924.4 19 75 2.3 0 1
924 20 77 1.8 0 1
923.5 18.7 86 1.2 0 0.4
923 19.5 82 2.3 0 0.9
922.9 18.5 81 2.3 0 0.6
923 17.7 84 3.3 0 1
923.3 15.6 87 3 0 0.2
924 14.8 93 3.4 0 0
924.4 14.8 95 2.1 0 0
925 14.6 94 3.4 0 0
927.3 13 96 2.1 0 0
927.9 13 97 1.9 0 0
928.7 13.1 97 1.2 0 0
929.3 12.7 99 2.1 0 0
929.6 12 99 3.1 2.5 0
929.3 11.9 99 3.1 0 0
928.9 11.9 99 2.7 0 0
928.4 11.9 99 1.9 0 0
928.2 11.9 99 2.1 0 0
928.4 11.5 99 2 0.5 0
928 11.5 99 2.3 0 0
929.2 11.4 99 2.7 0 0
929.5 11.5 99 2.8 0 0
929.5 11.2 96 3 0 0
928.6 11.9 100 4.3 1 0
928.8 12.3 100 3.2 1 0
929.5 12.4 100 4.6 2.5 0
929.5 12.5 100 3.8 1.5 0
929.5 12.4 100 3.5 1.5 0
929.2 12.8 100 4.4 2 0
928.4 12.7 100 4.3 3.5 0
927.7 12.9 100 2.9 3.5 0
927.5 13 100 3.2 3.5 0
927.3 13 100 4 2 0
927.3 12.8 100 4.6 2.5 0
927.7 12.9 100 4.5 2 0
928.1 13 100 5.4 2.5 0
928.5 13.2 100 3.8 1 0
927.3 13.8 100 1.5 2.5 0
927.6 13.8 100 1.5 1.5 0
927.8 13.9 100 2.4 1.5 0
927.9 14.2 100 1.5 1.5 0
927.4 14.6 100 1.7 1.5 0
927.2 14.3 100 2.1 2 0
926.5 14 100 1.4 1.5 0
925.5 14 100 1.7 0.5 0
924.9 14.2 100 2.5 0.5 0
924.6 13.4 100 3.1 0.5 0
924.5 13.3 100 2.4 0 0
924.6 13.2 100 1.8 0.5 0
925 13.3 100 2 0 0
925.3 13.7 100 4.7 0 0
924.4 14.2 100 2.1 0 0
924.9 14.2 100 2.4 0 0
925.4 14.1 100 3.2 0 0.1
925.9 14.7 100 3 0 0.5
925.7 14.8 100 2.9 0 0.4
925.4 15.4 99 3.8 0 0.4
924.8 16.6 94 2.8 0 0.5
924.2 15.9 93 2.4 0 0.3
924.2 15.5 92 2.6 0 0
924.1 15.7 77 3.2 0 0.5
924.2 14.9 87 2.8 0 0.1
924.6 13.4 90 0.6 0 0
925.2 13.7 92 2.1 0 0
925.6 14.1 99 2.5 0 0
927.8 12.5 85 2.1 0 0
928.5 12.6 88 2.4 0 0
928.8 13.4 88 2.2 0 0.7
929.1 14.3 83 1.8 0 1
928.9 15 78 3.2 0 1
928.3 15.4 77 4 0 1
927.6 16.2 74 3.5 0 1
926.5 15.7 76 5 0 1
926.2 15.5 76 4.6 0 1
926 14.9 74 5.7 0 1
925.8 14 78 7 0 0.1
926.3 13.7 82 6.9 0 0
926.3 13.4 84 5.3 0 0
926.8 13.4 85 5.1 0 0
926 15 83 1.6 0 0
926.8 15.3 84 1.4 0 0
927.4 15.8 86 1.5 0 0
927.7 17.1 86 1.5 0 0.3
927.4 18.4 83 1.4 0 0.2
927 19.8 82 0.5 0 0
926.7 20 82 0.9 0 0
926.4 19.1 83 0.6 0 0
926.2 18.4 81 3.7 0 0
926.1 16.8 96 1.7 0.5 0
926.5 16.7 88 0.5 0 0
926.4 16.2 93 1.2 0 0
926.6 16.2 84 0.7 0 0
927.2 15.8 88 1 0 0
928.2 16.5 100 1.4 7.5 0
928.7 15 100 2.5 2 0
929.2 13.7 100 3.8 1.5 0
929.6 13.1 100 2.7 0.5 0
929.7 13.4 100 2.3 0 0
929.1 13.8 100 1.8 0.5 0
928.8 13.5 100 3 1 0
927.8 14.2 100 2.2 2 0
927.8 13.9 100 2.5 2 0
927.9 13.7 100 2.5 1.5 0
928.3 13.6 100 2.3 2 0
928.7 13.4 100 2.1 2 0
928.8 13.1 100 2.5 2 0
929.2 13.1 100 3.5 1 0
929.3 11.6 100 2.4 1 0
929.8 11.3 100 1.6 1 0
930.2 11.1 100 2.2 1 0
930.2 11.2 100 2.1 0.5 0
930.4 11.2 100 2 1 0
930.2 11.1 100 1.8 0.5 0
929.4 10.8 100 2.5 1 0
928.6 10.7 100 1.6 0.5 0
928.3 10.2 100 3 1 0
928.3 10 100 2.4 0 0
928.9 9.9 100 2.8 0.5 0
928.6 9.8 100 2.4 0.5 0
929.2 9.7 100 2.4 1 0
929.4 9.5 100 2.7 0.5 0
929 10.4 100 2.9 0 0
929.3 10.5 100 3.6 0.5 0
929.3 10.7 100 4.5 0 0
930 10.7 100 3.1 0 0
929.9 10.8 100 2 0 0
928.3 10.9 100 6 0 0
928 11.5 100 5.2 0 0
927.7 11.8 100 2.6 0 0
926.9 11.7 100 3.5 0 0
927 12.3 100 2.9 0 0
927.1 12.3 100 2.3 0.5 0
927.5 12.3 100 3.5 0.5 0
927.8 12.2 100 4 0.5 0
928.1 12.2 100 5 0.5 0
927.3 13.6 100 2.8 0.5 0
928 13.5 100 4.3 0.5 0
928.3 13.3 100 4.4 1 0
928.6 13.3 100 3.9 0.5 0
928.8 13.2 100 5.3 0 0
928 13.4 100 4.3 0.5 0
927.1 13.5 100 4.2 0 0.1
926.5 13.9 100 6.3 0 0.1
926.4 13.9 100 3.2 0.5 0
926.3 13.6 100 4 0.5 0
926 13.6 100 4.6 0.5 0
926.7 13.5 100 3.9 0.5 0
926.8 13.6 100 4.3 0.5 0
927.1 13.9 100 4.3 1 0
923.7 14.8 100 4.3 5.5 0
924.5 14.9 100 1.7 6.5 0
924.8 15.1 100 1.1 7 0
924.8 15.3 100 1.1 4 0
924.5 15.5 100 1.1 6.5 0
924 16 100 1.2 3 0
922.9 16 100 0.9 2.5 0
922.4 15.9 100 0.9 3 0
921.5 15.9 100 0.6 3.5 0
921.4 15.7 100 1.2 4.5 0
921.7 15.4 100 1.1 0.5 0
921.7 15.4 100 0.8 2.5 0
922 15.2 100 1.2 1 0
922.1 15.1 100 1.4 0.5 0
922 13.9 100 6.4 1 0
922.6 13.8 100 5.8 0.5 0
923.1 13.7 100 5.1 0.5 0
923.4 13.7 100 4.4 0.5 0
923.4 13.7 100 3.2 0 0
922.6 13.6 100 3.5 0.5 0
921.6 13.5 100 4 0 0
920.8 13.4 100 2.8 0 0
920.7 13 100 4.1 0 0
920.9 12.6 100 2.4 0 0
921.3 12.6 100 1.8 0 0
921.7 12.5 100 1.5 0 0
922 12.8 100 3.5 0 0
922.4 13.1 100 3.8 0 0
922.3 13.7 100 2.7 0 0
922.7 13.9 100 1.2 0 0
923.5 13.9 100 1.9 0 0
923.8 14.2 100 1.2 0 0
923.6 13.8 100 2.7 0.5 0
923.1 13.8 100 2.8 0 0
922.5 13.7 100 3.7 0 0
922.2 13.3 100 3.4 0 0
921.9 13 100 3.6 1 0
922.4 13 100 2.8 0 0
922.2 12.6 100 3.8 0.5 0
922.8 8.3 100 5.9 0 0
923 8.4 99 4.7 0 0
923.5 9.4 98 4.2 0 0
924.2 11.3 93 1.6 0 0
925 11.4 92 2 0 0
925.3 12.2 88 3.3 0 0.4
925.8 12.8 85 4.8 0 0.8
925.7 13.7 80 5.2 0 1
925.3 14 77 5.5 0 0.9
924.2 14.4 78 4.6 0 1
923.5 14.3 76 4.9 0 1
923.1 14 74 4.5 0 1
922.9 13.5 79 5.4 0 0.9
922.9 12.3 84 5.4 0 0
923.2 11.9 86 4.2 0 0
923.5 11.9 85 3.7 0 0
924 11.9 85 3.9 0 0
923.5 11.9 98 0.7 0 0
923.9 12.8 94 1.1 0 0
924.4 14.7 88 1.4 0 0.7
924.8 16.4 84 1.6 0 1
924.8 17.5 80 1.3 0 1
924.3 18.6 79 1.4 0 1
923.5 18.8 80 2.3 0 1
922.7 18.3 82 3.2 0 1
922.2 17.8 83 3.2 0 0.8
922.2 17.5 85 2.1 0 0.5
922.5 15.9 94 1.4 0 0
922.8 15.3 94 1.2 0 0
923.2 14 98 0.7 0 0
923.5 13.6 99 0.8 0 0
922.9 16.3 81 1.9 0 0
923.9 16.8 77 1.1 0 0
924.4 16.3 86 1 0 0
924.9 18.1 79 1 0 0.5
924.4 19 74 1.5 0 1
923.8 19.9 71 1.2 0 0.8
923.2 20.1 71 1.1 0 0.2
922.5 20.1 61 2.3 0 0.3
922.1 19.6 63 0.9 0 0.3
922 19.6 72 1.4 0 0.8
922 18.1 74 0.7 0 0
922 16 88 0.3 0 0
922.5 16.3 87 0.7 0 0
922.6 16.8 84 0.9 0 0
923 16.9 89 0.8 0 0
923.4 18.1 83 0.3 0 0
923.9 19.4 85 2.2 0 0.5
924.3 20.5 80 0.5 0 0.9
924.3 21.9 69 1.7 0 1
923.6 21.8 85 1.5 0 1
922.6 23.1 72 1.6 0 0.9
921.7 23 74 2.2 0 0.8
921.2 22.2 75 1.4 0 0.7
920.9 21.8 76 1.8 0 0.3
921 19.9 82 1.3 0 0
921.3 19.7 79 1.1 0 0
921.8 19.7 77 0.4 0 0
922.2 19.1 82 0.7 0 0
922.5 17.2 98 3.4 0 0
922.8 17.3 99 2.3 0 0
923.5 19.4 93 3.5 0 0.3
924 20 92 2.4 0 0
924.1 20.4 89 3.1 0 0.3
923.5 21.6 89 1 0 0.5
922.6 22 87 1.6 0 0.3
921.9 22.3 84 1.1 0 0.1
921.4 21.8 90 0.6 0 0
921.5 21.8 79 2 0 0
921.8 21.1 92 0.3 0 0
922.1 20.3 93 1.4 0 0
922.8 20.2 85 1.1 0 0
923.3 19.4 93 1.7 0 0
923.8 15.5 100 4.2 0 0
924.6 15.3 100 4.4 0.5 0
925.2 15.3 100 3.9 0 0
926.2 15.4 100 3.4 0 0
926.3 15.5 100 3.3 0.5 0
926 15.3 100 2.6 0.5 0
925.6 14.9 100 1.7 1 0
925.1 14.5 100 2.8 0.5 0
924.8 14 100 2.6 0.5 0
924.7 13.5 100 3 1 0
925.3 13.2 100 3.6 0.5 0
925.7 13.1 100 3.3 0 0
926.3 13.1 100 2.6 1 0
926.9 13 100 2.6 0.5 0
927.1 12.9 100 4.3 0.5 0
927.7 13.2 100 4.5 0.5 0
928 13.5 100 4.3 0.5 0
928.5 13.8 100 3.6 0 0
928.6 14.1 100 4.3 0 0
928.2 14.7 100 4.7 0 0
927.5 15 100 4.4 0 0.1
926.9 15.6 100 4.4 0 0.2
926.6 15.7 100 3.7 0 0.1
926.4 15.6 100 2.9 0 0
926.5 15.5 100 3.6 0 0
926.9 15.6 100 3.7 0 0
927.3 15.7 100 3 0 0
927.6 15.7 100 1.8 0 0
926.9 15.4 99 1 0 0
927 14.9 100 1.1 0 0
927.3 16.7 99 1.2 0 0.8
927.8 18.9 86 2 0 1
927.9 20.4 87 2.6 0 1
927.6 21.3 82 2.2 0 1
926.8 21.7 84 1.8 0 1
926 21.7 85 2.1 0 0.7
925.3 20.6 90 1 0 0.5
925 20.2 91 0.4 0 0.1
925 19.5 97 0.4 0 0
925.2 18.2 99 1.2 0 0
925.7 16.8 100 1.1 0 0
926 17.2 100 0.8 0 0
924.6 15.3 98 2.2 0 0
925.1 16.3 97 1.3 0 0
925.2 16.7 96 1.2 0 0.1
925.5 18.6 92 1.2 0 1
925.6 19.7 82 1.3 0 0.9
925.1 20.1 82 2.2 0 0.5
924.2 19.8 83 3.2 0 0.3
923.4 19.9 79 2.1 0 0.8
923.2 20.1 78 2.1 0 0.8
923.1 20.1 77 1.5 0 0.5
923.2 19.2 79 2.4 0 0
923.6 18.3 82 0.9 0 0
923.8 18.1 82 1.4 0 0
924.1 17.1 88 1 0 0
926.6 12.1 100 1.7 2 0
927.3 10.3 100 3.4 2 0
928.6 8.9 100 3.6 1 0
929.4 8.7 100 3.2 1 0
929.7 8.3 100 2.6 1 0
929.6 8.7 100 4.4 1 0
929 8.3 100 4.1 2 0
928.8 8.5 100 4.7 1 0
928.6 8.1 100 5.3 2 0
929 7.4 100 5.9 2.5 0
929.4 6.9 100 5.5 1.5 0
930.2 6.5 100 5.3 1.5 0
930.8 6 100 2.7 1 0
931.1 6.1 100 2.2 0 0
