1018.3 21.4 94 0.3 0 0
1018.8 22.2 92 1.6 0 0
1019.2 23.6 81 1.9 0 0.4
1019.5 24.9 71 1.7 0 0.2
1018.8 26.1 66 1.7 0 0
1017.8 27.2 63 2.3 0 0
1017.1 28.4 56 3.2 0 0.5
1016.3 27.8 65 3.4 0 0.6
1015.8 26.7 71 3.7 0 0.9
1015.7 25.6 73 3.2 0 1
1015.9 24.4 74 4.7 0 0.8
1016.6 23 78 4.4 0 0
1017.1 22.2 71 4.2 0 0
1017.8 21.8 77 3.7 0 0
1018.5 16.7 70 2.9 0 0
1019 17.4 64 3.7 0 0
1019.2 17.9 60 4.1 0 0
1019.5 18.9 59 3.1 0 0
1019.3 19.8 56 5.1 0 0.2
1018.6 20.8 53 4.2 0 0
1017.9 21.2 50 3 0 0
1016.8 22.8 46 3.5 0 0.4
1016.2 22.8 45 3.6 0 1
1016.2 21.8 47 3.4 0 0.2
1016.3 20.9 49 3.9 0 0
1017 19.7 53 3.4 0 0.2
1017.2 17.8 59 3.3 0 0
1017.6 16.6 63 2.1 0 0
1018.5 12.5 74 1.3 0 0
1019.2 13 63 1.5 0 0.2
1019.6 15.1 54 2.6 0 1
1019.9 17.9 49 2.5 0 1
1019.5 19.9 43 2.7 0 1
1018.1 22.1 39 2.5 0 1
1017.4 22.7 38 2.9 0 1
1016.9 23.1 38 2.8 0 1
1015.5 23.4 38 2.1 0 1
1015.3 22.9 40 2.3 0 1
1015.4 21.6 47 3.5 0 1
1015.8 19.9 53 2.2 0 0.6
1016.5 18 58 0.7 0 0
1017.5 17 62 1.2 0 0
1017.2 11.8 90 1.3 0 0
1017.5 12.7 91 1.5 0 0.2
1017.8 16.5 81 1 0 1
1017.9 20.1 64 0.8 0 1
1017.8 22.5 54 0.6 0 1
1016.9 23.2 51 1.7 0 1
1015.9 24 46 1.2 0 1
1014.7 24.5 42 1.1 0 1
1013.9 25.3 44 1.7 0 1
1013.7 24.6 46 2.8 0 1
1013.8 23.3 51 2.9 0 1
1014.4 21.7 58 1.4 0 0.4
1014.9 20.3 68 0.9 0 0
1015.6 19.3 74 1.3 0 0
1015.2 15.1 95 0.8 0 0
1015.6 16.4 93 0.3 0 0.1
1016.1 20.1 72 0.5 0 0.8
1016 21.4 66 1.2 0 0.7
1015.5 22.7 58 1.9 0 1
1015 24.3 49 2.1 0 1
1014.2 25.3 48 2.1 0 1
1013.4 25.4 45 1.9 0 1
1012.8 26.3 43 2.9 0 1
1012.7 25.9 45 2 0 0.7
1013.2 24.1 54 2.2 0 0
1013.9 23 58 0.9 0 0.2
1014.2 21.6 67 0.7 0 0
1014.7 20.6 74 0.2 0 0
1014.8 14.4 93 1.1 0 0
1015.2 15 93 1.6 0 0.3
1015.5 19.6 76 1 0 1
1015.3 23.2 56 0.6 0 1
1014.8 24.4 52 1 0 1
1013.7 25.4 45 0.6 0 1
1012.7 26.7 40 1.5 0 1
1011.5 26.9 37 2.4 0 1
1010.9 27 44 2.5 0 1
1010.9 26.1 56 2.4 0 1
1010.9 24.4 59 3.2 0 1
1011.4 23.1 66 1.8 0 0.7
1011.8 21.6 75 0.6 0 0
1012.2 19.3 86 0.1 0 0
1012.6 13.5 94 1.4 0 0
1013.1 14.7 93 1.2 0 0.2
1013.6 19 73 1 0 1
1013.9 23.3 58 0.8 0 1
1013.6 24.5 57 1.4 0 1
1012.7 25.5 54 1.4 0 1
1011.7 26.6 51 1 0 1
1010.7 27.2 46 1 0 1
1010.2 27.3 49 1.8 0 1
1009.9 26.7 52 2.2 0 1
1010.1 25.6 57 1.3 0 1
1010.8 23.8 66 2 0 0.6
1011.4 22.4 75 1.6 0 0
1011.6 21.4 81 1.5 0 0
1012.3 14.4 98 1 0 0
1012.7 15.6 96 1.4 0 0.2
1013.2 18.6 84 1.3 0 1
1013.8 22.5 71 1.2 0 1
1013.7 24.2 65 1.1 0 1
1013 25.6 52 1.5 0 1
1012.2 27 43 1.9 0 1
1011.4 27.9 38 2.1 0 1
1010.8 28.1 44 2.4 0 1
1010.9 26.2 58 3.3 0 1
1011.1 25.1 61 3 0 1
1011.7 23.7 68 2.6 0 0.5
1012 22.4 72 1.9 0 0
1012.4 21.2 82 1.2 0 0
1014 15 97 1.3 0 0
1015.1 16 97 1.2 0 0.1
1015.5 18.5 90 1 0 0.9
1016.1 21.5 76 1 0 1
1016.1 24 61 1.7 0 1
1015.6 26.3 51 1.6 0 1
1014.8 26.5 51 0.8 0 1
1013.9 26.8 49 1.4 0 1
1013.4 27.3 48 1.2 0 1
1013.2 26.6 53 3.2 0 1
1013.7 24.5 55 3.2 0 1
1014.6 23.1 60 2 0 0.3
1015.4 21.4 68 0.7 0 0
1015.9 20.5 70 0.8 0 0
1016.1 14.2 96 0.3 0 0
1016.9 14.9 96 0.5 0 0
1017.5 17.9 88 0.4 0 0.9
1017.7 20.3 76 0.5 0 1
1017.6 23.3 65 1.1 0 1
1017 24.8 57 1.9 0 1
1016 26 52 1.6 0 1
1015 26.9 45 2.1 0 1
1014.3 27.4 45 1.4 0 1
1014 26.8 48 3.5 0 1
1014.2 26.6 43 1.9 0 1
1014.8 25.1 53 1.6 0 0.6
1015.6 23.1 66 2.1 0 0
1016.1 21.9 70 1.5 0 0
1016.3 15.5 99 0.5 0 0
1016.6 16.2 98 1.4 0 0
1016.9 18.9 92 1.6 0 0.9
1017.1 20.9 81 1.6 0 1
1016.7 23.3 70 1.3 0 1
1015.8 25.2 60 1.8 0 1
1014.7 26.1 55 2.2 0 1
1013.4 25.9 57 2.7 0 0.9
1012.8 25.6 58 2.9 0 1
1012.4 25 60 2.9 0 1
1012.6 23.7 66 2.8 0 1
1012.9 22.6 72 2 0 0.5
1013.4 21.5 77 1.6 0 0
1014.1 20.4 82 1.4 0 0
1013.5 17.4 94 0.8 0 0
1013.8 17.5 96 1.2 0 0.2
1014.4 20.1 86 0.8 0 0.6
1014.6 21.7 73 1.9 0 0.8
1014.4 23.8 69 1.2 0 0.9
1014 26 57 2.1 0 1
1013.3 27.3 52 2.1 0 1
1012.4 27.7 52 2.7 0 1
1011.9 27.4 56 2.9 0 1
1011.7 26.8 58 2.8 0 1
1011.7 25.7 64 3 0 1
1012.1 24.4 65 1.8 0 0.8
1012.6 23 64 1.8 0 0
1012.9 22.2 61 2 0 0
1014.7 17.1 93 1.4 0 0
1015.5 17.7 91 1.1 0 0.1
1015.9 19.3 83 1.1 0 1
1015.9 21.4 75 0.7 0 1
1015.7 23.2 66 1 0 1
1014.8 24.9 60 1.1 0 1
1013.7 27.2 56 1.3 0 1
1012.6 28.2 54 2.6 0 1
1012 28.8 51 2.2 0 1
1011.9 29 50 3.1 0 1
1012.3 27.7 53 2.1 0 1
1012.7 26 56 1.1 0 0.3
1013.4 24.2 63 0.3 0 0
1013.8 23.5 68 0.9 0 0
1014.6 20.2 92 0.8 0 0
1015.2 21.4 90 0.3 0 0
1015.8 22.4 85 0.7 0 0
1016.4 23.7 76 1.2 0 0
1016.2 24.5 71 1.9 0 0
1015.6 25.6 67 2.1 0 0
1015.2 26.3 62 2.5 0 0.2
1013.9 27.3 60 2.6 0 0
1013.4 27 61 2.3 0 0
1013.3 27.7 58 2.7 0 0
1013.6 26.9 56 2.8 0 0.7
1014.2 26.1 51 2.8 0 0.5
1014.7 25.3 57 1.4 0 0
1015.3 24.3 63 1.4 0 0
1015.3 21 83 0.9 0 0
1015.7 21 84 2.1 0 0
1016.3 21.9 80 1.4 0 0
1016.4 23.1 76 1.3 0 0.1
1016.5 24.1 73 1.1 0 0.1
1015.7 25.5 67 0.8 0 0.4
1014.9 26.7 57 1.3 0 0
1013.9 27.1 58 2.1 0 0.1
1013.3 26.7 61 3.3 0 0.4
1013.4 25.5 64 2.6 0 0
1013.8 24.6 67 2.7 0 0
1014.3 23.5 71 1.9 0 0
1015.3 22.4 74 2.1 0 0
1015.9 21.7 76 1.8 0 0
1017 19.8 83 1.5 0 0
1017.1 19.2 90 1.9 0 0
1017.3 19.8 86 2.1 0 0
1017.9 20.5 82 2 0 0.2
1018.4 20.8 80 2.3 0 0
1017.9 21.3 77 2.5 0 0
1016.9 22.1 73 2.8 0 0
1015.8 22.9 70 2.6 0 0
1015.4 23.6 67 2 0 0.1
1015.1 23.7 65 2.7 0 0.8
1015.4 21.9 67 3 0 0.8
1015.5 20.3 72 2.5 0 0.5
1015.9 19.3 74 2.8 0 0
1016.3 19 75 1.9 0 0
1017.7 17.4 77 2.3 0 0
1018.5 17.5 76 2 0 0
1018.9 18.4 74 1.9 0 0
1018.9 19.9 69 2 0 0.3
1018.9 21.4 66 2.1 0 1
1017.9 22.7 62 1.8 0 1
1016.8 24 61 1.8 0 1
1015.5 25.1 59 2.8 0 1
1014.7 25.4 58 3.2 0 1
1014.5 24.3 61 3.2 0 1
1014.6 23.3 64 2.4 0 0.9
1015.4 21.7 70 2.9 0 0.4
1015.8 20.5 76 1.3 0 0
1016.6 19.8 81 0.9 0 0
1016.4 17.8 89 1.2 0 0
1016.6 18.1 88 1.4 0 0
1017.4 19.2 84 1.4 0 0
1017.5 20.2 80 1.4 0 0
1017.2 21.5 75 1.7 0 0
1016.7 22.5 71 2.6 0 0
1015.9 23 71 2.9 0 0
1015.1 23.1 75 2.4 0 0
1014.9 23.2 73 3.1 0 0
1014.2 23.3 72 3.6 0 0.4
1014.2 22.8 74 1.5 0 0
1014.7 22.2 76 1.8 0 0
1015 21.3 79 2 0 0
1015.1 20.9 82 1.8 0 0
1013.2 18.7 93 1.5 0 0
1013.6 19.1 93 1.2 0 0
1014.2 20 90 1.8 0 0
1014.2 22.2 80 2.5 0 0
1014.3 22.5 76 3.6 0 0
1013.3 23.5 74 3.1 0 0
1012.7 23.8 72 3.5 0 0
1011.7 24.4 69 5.1 0 0
1010.8 24.7 67 4.1 0 0
1011.1 22.5 85 4 0.5 0
1011.3 22.1 83 3 0 0
1011.7 21.4 83 3.1 0 0
1011.9 21.1 84 2.3 0 0
1011.9 20.9 85 3.1 0 0
1011.9 19.8 91 2.2 0 0
1012.4 19.9 89 1.8 0 0
1012.4 20.7 86 2.1 0 0
1012.6 21.9 80 3 0 0.2
1012.2 24.1 72 2.8 0 1
1011.5 25.3 67 3 0 1
1010 26.2 61 2.3 0 1
1008.9 26.7 58 2.2 0 1
1008.8 26.2 61 3.6 0 1
1008.8 25.5 62 3.3 0 1
1009.2 24.2 67 2.9 0 1
1010.1 22.3 74 2.7 0 0.4
1010.8 21.2 80 1.8 0 0
1011.1 20.5 81 1.9 0 0
1012.6 19 87 1 0 0
1013.3 19.3 86 0.6 0 0
1013.4 20.8 79 2 0 0.1
1013.6 21.9 73 1.8 0 0
1013.7 21.4 78 2.8 0 0
1013.2 22.5 74 3.1 0 0
1012.5 24.1 66 3.7 0 0.1
1011.7 23.4 67 3.4 0 0
1011.1 22.1 71 3.8 0 0
1011.5 21.8 75 3.5 0 0
1011.5 20.9 82 2.6 0 0
1011.7 20.2 84 2.1 0 0
1012.1 19.6 86 2.6 0 0
1012.4 19.5 85 2.7 0 0
1012.3 16.7 70 1.5 0 0
1013 16 78 0.8 0 0
1013.3 18.1 61 1.8 0 0.8
1013.8 19.8 58 1 0 1
1013.7 21.4 58 1.2 0 1
1013.1 23.3 55 1.1 0 1
1012 24.5 56 0.8 0 1
1011.1 25.8 52 1.6 0 1
1010.5 26.3 50 1.5 0 1
1010.2 26.7 48 1.9 0 1
1010.6 25.3 52 2.4 0 1
1011 23.5 57 1.5 0 0.5
1011.9 22.2 62 1.1 0 0
1012.5 20.7 71 0.9 0 0
1013.5 15.1 99 1.1 0 0
1013.8 14.8 99 1.2 0 0
1014.2 18.6 89 0.9 0 0.9
1014.9 21.7 70 0.3 0 1
1014.6 23.2 63 0.9 0 1
1013.9 24.7 57 1.3 0 1
1013.2 25.6 54 1.9 0 1
1012 26.6 51 1.9 0 1
1011.3 27.2 49 1.1 0 1
1011.1 27 51 1.7 0 1
1011.2 25.5 58 2.6 0 1
1011.5 23.6 68 1.7 0 0.5
1011.9 22.2 74 0.6 0 0
1012.3 20.6 81 0.8 0 0
1012.5 15.5 99 1.4 0 0
1013.3 16.3 98 1 0 0
1013.7 19.5 86 1.3 0 0.9
1014.2 22.7 74 1.2 0 1
1013.5 24.7 64 1.9 0 1
1012.5 26.8 51 0.8 0 1
1011.6 27.8 46 1.9 0 1
1010.6 28.4 45 1.8 0 1
1010 28.7 43 1.9 0 1
1009.8 28.5 45 3.1 0 1
1009.9 27.1 45 2.7 0 1
1010 25.8 51 3.1 0 0.7
1010.6 24.1 57 1 0 0
1011.1 22.9 59 1.6 0 0
1011 18.3 92 1 0 0
1011.4 18.8 92 0.2 0 0.2
1011.9 21.7 75 1.7 0 0.9
1012.4 24.6 64 2.4 0 1
1012 26.8 55 2.5 0 1
1011.2 29 47 3.1 0 1
1010 30.1 47 4 0 1
1009 30.3 48 3.5 0 1
1008.2 30.2 50 3 0 1
1007.8 30.1 51 3 0 1
1008.1 28.8 54 3.4 0 1
1008.8 27.5 56 2.2 0 0.8
1009.6 25.8 64 1.3 0 0
1010.2 24.7 71 0.6 0 0
1011.1 21.8 93 0.7 0 0
1011.6 22.4 91 1.2 0 0
1011.9 23.8 83 0.2 0 0.3
1012.4 25.7 75 1.2 0 0.8
1012.6 26.9 69 0.9 0 0.9
1012 28.7 63 1 0 0.9
1011.1 28.8 61 1 0 0.2
1010.2 29.1 61 1 0 0
1009.7 29.1 61 1.1 0 0.1
1009.6 29.1 63 1.4 0 0
1009.5 28.5 62 2.1 0 0.2
1009.9 27.2 66 1.3 0 0.3
1010.8 25.5 74 0.7 0 0
1011.4 24.9 78 1.2 0 0
1011.5 22.2 93 1.1 0 0
1012.1 22.4 92 1.2 0 0
1012.7 23.8 88 1.7 0 0.8
1013.4 25.7 80 2.9 0 1
1013.5 27.2 71 2.4 0 1
1013 28.2 67 2.3 0 0.9
1012.2 29 65 2.4 0 0.5
1011.3 28.9 66 2.7 0 0.5
1010.9 29 62 3.7 0 0.9
1010.8 28.3 63 3.5 0 1
1011 26.4 69 3.4 0 0.6
1011.8 24.6 75 2.2 0 0
1012.7 23.4 77 1.5 0 0
1013.3 22.6 79 1.8 0 0
1015 18.6 88 1.7 0 0
1015.4 18.7 88 2 0 0
1016.2 19.7 83 2.3 0 0
1016.8 20.8 79 2.2 0 0.4
1016.8 23.2 71 1.3 0 0.8
1016.5 25 67 1.6 0 1
1015.5 27.1 60 1.9 0 1
1014.7 28.1 58 1.7 0 1
1013.9 28.9 54 2.4 0 1
1013.6 28.7 57 2.6 0 1
1013.7 27.3 61 2.4 0 1
1014.3 25.3 71 2.5 0 0.5
1015.1 23.7 77 1.3 0 0
1015.5 22.8 82 1.4 0 0
1016.1 17.8 99 0.9 0 0
1016.4 17.4 99 0.8 0 0
1016.8 20.4 95 0.4 0 0.9
1017.3 22.2 84 0.6 0 1
1017.4 24.1 74 0.7 0 1
1017 25.9 65 1.2 0 1
1015.8 27.5 60 0.8 0 1
1014.7 28 56 2.3 0 1
1013.8 28.1 63 2.3 0 0.8
1013.4 27.7 64 2.2 0 0.8
1013.5 26.4 69 2.1 0 0.9
1013.8 24.4 77 2 0 0.4
1014.5 23.2 83 1.8 0 0
1014.9 22.4 89 0.8 0 0
1014.1 20.4 99 1 0 0
1014.6 20.8 99 2.4 0 0
1014.8 22 98 0.2 0 0
1014.7 23.1 89 0.9 0 0.7
1014.4 25.1 77 1 0 1
1013.5 26.9 67 1.3 0 1
1012.5 27.9 58 1.2 0 1
1011.9 28.9 53 1.9 0 1
1011.1 29.8 50 1.7 0 1
1010.7 29.6 47 2.5 0 1
1010.8 29 50 2.9 0 1
1011.3 27.1 54 2.3 0 0.8
1012.1 25.5 67 3.3 0 0
1012.6 24.2 74 1.8 0 0
1013.5 19.6 96 0.6 0 0
1014.2 19.5 97 1.3 0 0
1014.6 21.9 83 1.6 0 0.8
1015.3 23.6 80 2.8 0 1
1015.3 24.8 73 3.3 0 0.9
1015.1 24.7 61 4.3 0 1
1014.9 23.6 57 5.5 0 1
1014.4 23.5 54 5.6 0 1
1014.4 22.1 56 5.7 0 0.7
1014.5 21.3 57 5 0 0.1
1015.1 19.8 60 6 0 0.6
1015.7 18.5 64 4.8 0 0.6
1016.8 16.6 69 5 0 0
1017.3 15.7 72 5.3 0 0
