1018.6 19.1 96 0.1 0 0
1019.1 19.8 93 0.2 0 0
1019.3 21.5 83 0.5 0 0.3
1019.5 22.8 81 0.6 0 0.3
1019.5 24.9 71 3.9 0 0.4
1018.8 25.3 72 2 0 0
1018.6 22.1 86 2.2 0 0
1018.4 21.3 86 1.3 0 0
1018.2 21.3 84 1.3 0 0
1018.2 21.1 85 1.5 0 0
1018.6 19.9 93 1.1 0.5 0
1019.1 19.6 93 0.8 0.5 0
1020.5 18 96 1 10 0
1021.7 17.3 95 0.9 2.5 0
1022.7 14.9 96 0.3 0 0
1023.2 14.9 96 0 0 0
1023.3 15.6 92 0.7 0 0
1023.4 17.1 74 0.7 0 0.2
1023.3 16.5 75 0.7 0 0
1022.5 17.3 62 0.9 0 0
1021.5 18.2 59 1.5 0 0.1
1020.2 19 49 0.5 0 0.5
1019.7 18.8 57 1.8 0 0.5
1020 18.8 54 1.8 0 0.9
1020.4 17.1 58 3.4 0 1
1021 15.1 66 1.6 0 0.7
1021.4 12.6 87 1 0 0
1022 12.7 84 2.5 0 0
1022.8 11.2 79 2.8 0 0
1023.5 11.9 75 2.8 0 0
1023.9 13.7 69 3.3 0 0.6
1023.9 16.6 61 2.4 0 1
1023.4 18.4 53 1.9 0 0.8
1022.7 19.5 49 2.7 0 0.5
1021.6 19.2 47 4.4 0 0.5
1020.5 20.2 47 3.5 0 0.8
1020.1 19.9 44 3.3 0 1
1019.8 18.6 47 3.4 0 1
1020 17.5 50 3.6 0 1
1020.3 16 60 1.9 0 0.7
1020.8 14.9 65 2 0 0
1021.5 14.2 69 2.2 0 0
1019.7 12.7 78 3.8 0 0
1020.1 13.2 77 3.3 0 0.4
1020.4 15.5 70 2.8 0 1
1020 18.5 66 1.7 0 1
1019.1 21.8 59 2.9 0 1
1018.4 22.8 49 2.1 0 1
1017.4 22.7 58 3.4 0 1
1016.1 23.1 56 3.3 0 1
1015.5 23.1 56 4.1 0 1
1015.4 22.3 57 3 0 1
1015.8 21.1 59 4 0 1
1016.5 19.1 68 2.6 0 0.7
1016.9 18 70 2.4 0 0
1017.6 18.1 69 2.4 0 0
1017 15.4 90 2.2 0 0
1017.7 16.3 90 1.5 0 0
1017.9 20 74 2.6 0 0.5
1017.8 21.1 68 2.6 0 0.7
1017.4 22.3 62 3.8 0 0.6
1016.7 24.6 56 2.3 0 0.7
1016.2 23.7 61 2.5 0 0.4
1015.7 22.9 61 4.2 0 0.1
1015.4 23.4 59 4.1 0 0.4
1015.4 22.2 62 4.4 0 0.2
1015.9 21.4 65 2.9 0 0
1016.7 21 66 3 0 0.2
1016.8 20.6 67 2.8 0 0
1017.1 20.5 68 2.3 0 0
1015.9 16.6 96 0.4 0 0
1016.4 17.3 95 0.8 0 0.2
1016.5 20.4 82 0.8 0 1
1016.3 23.6 68 1.6 0 1
1015.8 25.8 61 1.5 0 0.9
1014.7 26.3 55 3.5 0 1
1013.6 25.9 57 2.2 0 0.8
1012.6 26.9 54 3.6 0 0.9
1012 26.5 57 4 0 1
1012 25.4 58 3.6 0 1
1012.3 24.1 63 2.8 0 1
1012.7 22.5 70 1.2 0 0.7
1013.1 20.6 78 1.3 0 0
1013.3 21.2 75 2.4 0 0
1013.5 17.1 93 1.5 0 0
1014 17.7 92 1.4 0 0.3
1014.1 20.7 83 0.9 0 1
1014.2 23.2 68 0.5 0 1
1013.7 25.6 61 2.6 0 1
1013 26.5 55 1.9 0 1
1011.8 27.6 54 1.4 0 1
1010.9 27.7 51 1.5 0 1
1010.4 27.2 58 1.7 0 0.8
1010.4 25.6 60 2.8 0 0.8
1010.9 24.5 63 2.2 0 0.2
1011.7 22.8 69 2.3 0 0.3
1012.4 22.4 71 1.5 0 0
1013 20.1 84 0.4 0 0
1013.4 15 97 0.5 0 0
1014.1 15.9 97 0.4 0 0.3
1014.4 19.3 78 0.9 0 1
1014.7 21.5 70 2 0 1
1014.5 23.7 63 0.8 0 1
1013.6 25.6 58 0.8 0 1
1012.9 27 54 1.1 0 1
1012.3 27.7 51 1.3 0 1
1012.3 26.7 60 3.3 0 0.8
1012.5 25.4 63 2.8 0 1
1013.1 24.1 66 2.8 0 1
1014.2 22.6 69 2.4 0 0.5
1014.7 21.5 71 2.5 0 0
1015.6 20.8 76 1.5 0 0
1018.5 19.3 76 1.1 0 0
1019.5 20 73 1.2 0 0
1020.2 20.5 71 2.2 0 0
1020.7 20.8 71 2.1 0 0
1021.3 20 74 3.7 0 0
1021.1 19.7 70 3.7 0 0
1020.6 19.7 68 3.8 0 0
1020.2 19.6 69 2.6 0 0
1020.1 19.4 70 2.3 0 0
1020.3 19.3 71 3.5 0 0
1020.4 19.4 70 2.9 0 0
1021.1 19.3 68 3.2 0 0
1021.7 18.9 70 2.4 0 0
1022 18.8 71 2 0 0
1020.3 18.7 80 1.1 0 0
1020.7 19.2 76 2.3 0 0
1021.2 19.7 75 1.9 0 0
1021.4 20.1 75 1.9 0 0
1021.2 21 73 2.5 0 0
1020.7 21.1 72 2.5 0 0
1019.6 21.6 70 2.5 0 0
1018.9 21.7 73 2.1 0 0
1018.7 20.6 74 2.4 0 0
1018.6 20.8 73 3.3 0 0
1018.7 20 79 2 0 0
1019.1 19.4 82 1.9 0 0
1019.4 19.1 85 1.3 0 0
1019.7 19 85 2.3 0 0
1018.9 18.3 98 0 0 0
1019.2 18.5 98 0.6 1.5 0
1019.7 18.8 97 0.4 1 0
1019.6 19.3 95 1.1 0.5 0
1019.2 19.4 95 1.2 0 0
1018.7 19.8 97 1.2 1.5 0
1017.7 19.7 95 1.9 2.5 0
1016.6 19.4 92 2.6 0 0
1016 19.8 93 2.6 0 0
1015.7 19.4 92 2.4 0.5 0
1015.6 19 90 3.5 0 0
1015.5 19.2 88 3.1 0 0
1015.8 19.4 86 1.9 0 0
1016.3 19.4 88 1.7 0 0
1015.1 17.9 97 0.7 0 0
1015.9 18.2 98 0.9 0 0
1016.3 19.5 94 0.8 0 0
1016.5 21 90 2 0 0
1016.3 22.4 78 2.3 0 0
1015.8 22.6 77 2.7 0 0
1015.1 23.1 73 2.7 0 0
1014.5 23.2 69 2.6 0 0
1014.4 22.6 69 2.9 0 0
1014.6 22.4 71 1.6 0 0
1014.7 22.3 78 0.8 0 0
1015 19.9 90 1.1 0 0.2
1015.9 19.8 86 1.8 0 0
1016.6 19.1 90 0.7 0 0
1019.3 17.1 92 1.5 0 0
1020.3 17.5 87 1.6 0 0
1020.8 20 74 1.3 0 0.7
1021 22 62 2.2 0 1
1020.3 23.5 53 3 0 1
1019.3 23.9 49 5.6 0 1
1018.4 24.5 50 4.9 0 1
1017.2 24.8 46 3.9 0 1
1016.6 24.6 49 4.2 0 1
1016.2 23.8 52 4.4 0 1
1016.1 22.4 54 4.3 0 1
1016.5 21.3 58 4.2 0 0.7
1016.6 20.8 59 4.5 0 0
1017.2 20.8 61 4.5 0 0
1016.3 21.9 57 3.9 0 0
1017.1 22 58 3.2 0 0
1017.6 22.3 60 2.7 0 0
1017.9 23.3 57 2.7 0 0
1017.2 25.1 56 2.9 0 0.8
1016.9 25.6 57 1.7 0 0.2
1016.4 25.5 62 1.6 0 0
1016 25.8 62 0.5 0 0
1015.8 26.1 61 1.7 0 0
1015.9 25.5 67 0.4 0 0
1016.8 22.6 73 1.9 0 0
1016.7 21.3 75 5 0 0
1016.2 21.9 72 4.1 0 0
1016.6 22.4 71 4.6 0 0
1018.8 20.1 79 2.7 0 0
1019.7 19.7 86 1.6 0 0
1020.5 20 91 2.2 0 0
1021.4 19.1 92 3.1 0 0
1021.7 19 91 1.4 0 0
1020.7 19.9 85 2.5 0 0
1020.2 20 83 1.9 0 0
1019.5 20 79 2.4 0 0
1019 19.5 81 2.9 0 0
1019.2 19.5 84 2.1 0.5 0
1019.9 18.7 93 0.8 0 0
1020.3 18.5 95 0.4 0 0
1020.8 18.2 95 1.3 0 0
1021.3 18.3 94 1.2 0 0
1022.2 17 95 3 4 0
1022.7 16.6 95 1.7 1.5 0
1023 16.4 95 2.7 1 0
1023.2 16.6 95 2.3 0.5 0
1023.2 17.2 94 1.6 0.5 0
1022.8 17.3 91 1.6 0 0
1022.2 16.7 95 2.6 0 0
1021.5 16.1 94 3.9 0.5 0
1021.1 16 93 2.7 0.5 0
1021.3 15.6 93 3.4 0 0
1021.8 15.3 91 3.8 0 0
1021.8 15.6 89 2.2 0 0
1022.1 15.7 90 2.3 0 0
1022.4 15.5 90 2.7 0 0
1021.9 16.1 91 1.8 0 0
1022.3 16.4 90 1.6 0 0
1022.4 17 86 2.1 0 0
1022.7 17.3 86 2.5 0 0
1022.6 17.6 84 1.7 0 0
1021.3 18.4 83 2.9 0 0
1019.2 19.7 77 4.9 0 0.1
1018.8 19.3 78 4.2 0 0
1019.1 18.5 81 3.7 0 0
1018.9 18.5 81 3 0 0
1018.9 18.6 80 3.2 0 0
1019.3 18.2 83 2.3 0 0
1019.6 18.6 82 3 0 0
1019.8 18.6 82 3.1 0 0
1018.7 18.9 91 2.4 0 0
1019.8 18.9 91 2.2 0 0
1020.1 18.8 94 1.4 0 0
1020.4 19.1 91 2.3 0 0
1020.2 19.4 89 2.6 0 0
1020.1 19.6 86 3.2 0 0
1018.3 20.8 83 3.6 0 0
1017.4 20.2 84 5 0 0.1
1017.8 20.5 82 3.5 0 0
1017.5 20.3 82 2.7 0 0
1017.2 20.3 81 2.8 0 0
1018 19.9 82 2.8 0 0
1018.1 19.7 84 2.6 0 0
1018.4 19.3 88 2 0 0
1014.7 18.6 98 2 8 0
1015.4 18.5 98 0.7 7 0
1015.7 18.6 98 0.4 2.5 0
1015.7 18.8 98 0.8 4.5 0
1015.8 19.1 97 0.5 5.5 0
1014.6 19.8 96 0.2 1.5 0
1014 19.9 96 0.5 2 0
1012.2 20 96 0.4 3 0
1012 20.2 96 0.3 2 0
1011.7 20.1 96 0.8 0.5 0
1012.2 20.2 96 0.4 0 0
1012.3 20.1 97 0.1 0.5 0
1012.6 19.8 97 0.1 0.5 0
1012.6 19.6 98 0.2 0 0
1013.4 18.4 96 1.4 1 0
1014 18.5 96 1.6 0.5 0
1014.4 18.7 93 1.6 0 0
1014.7 19 92 1.3 0 0
1014.6 19.1 93 0.8 0 0
1013.9 18.6 96 0.7 1 0
1012.6 19 94 0.6 0 0
1011.8 19.4 91 1.6 0 0
1011.7 18.9 88 1.3 0 0
1012.1 18.7 87 1.9 0 0
1012.6 18.3 89 1.4 0 0
1013 18.2 91 1.7 0 0
1013.3 17.9 93 1.6 0 0
1013.7 18.1 93 1 0 0
1013.2 18 97 0.2 0 0
1013.8 18 98 0.3 0 0
1015 18.3 97 0 0.5 0
1015.2 18.6 97 0.1 0.5 0
1014.9 18.7 97 0.4 0.5 0
1014.1 18.9 96 0.5 0.5 0
1013.7 18.8 96 0.6 1 0
1013.3 18.6 96 0.6 1 0
1013 18.5 97 0 3 0
1013.7 18.1 94 1.1 0.5 0
1013.7 17.8 97 0.2 1 0
1014.3 17.7 97 0.4 0 0
1014.9 17.4 98 0.7 0.5 0
1015.1 16.8 97 1.8 0 0
1016.4 15.1 79 3.2 0 0
1017 15.1 81 3.8 0 0
1017.4 16.4 81 3.5 0 0.7
1017.5 19.7 71 2.4 0 1
1017 21.5 65 2.4 0 1
1016.1 22.5 56 3 0 1
1015.2 22.4 54 3.7 0 0.9
1014.3 22.3 56 5 0 1
1013.7 22.3 54 4.7 0 1
1013.6 21.7 54 3.2 0 1
1013.6 20.5 60 3.4 0 1
1013.9 19.2 64 4.2 0 0.7
1014.4 18.2 69 3.5 0 0
1014.8 17.8 70 2.8 0 0
1014.1 17.9 70 3.2 0 0
1014.6 18.2 69 4.2 0 0.1
1015.1 19.7 64 4.1 0 1
1015.5 21.5 63 2.8 0 1
1015.2 23.3 59 1.1 0 1
1014.4 25.2 55 0.6 0 1
1013.3 26.5 51 1.2 0 1
1012.3 26.2 47 1.3 0 1
1011.6 26.7 52 0.9 0 1
1011.8 24.7 60 1.2 0 0.6
1012.4 23.8 65 0.7 0 0.3
1012.8 22 77 0.5 0 0
1013.4 19.8 87 0.3 0 0
1013.8 19 90 1.9 0 0
1013.2 16.6 91 0.8 0 0
1014.6 16.7 95 0.1 0 0
1015.4 18.8 79 0.1 0 0.1
1015.5 21 73 0.7 0 0.9
1014.7 22.9 64 0.8 0 1
1013.5 24.5 57 1.1 0 1
1012.7 26.1 55 1.7 0 0.8
1011.8 27.1 53 0.6 0 0.8
1011.2 27.3 47 0.9 0 1
1011 27.6 47 0.5 0 1
1010.9 25.7 63 1.7 0 0.9
1011.3 22.1 82 0.6 0 0.3
1012.2 20.1 90 0 0 0
1012.4 18.9 93 0.3 0 0
1012.9 16.2 97 0.9 0 0
1013.2 16.9 98 0.1 0 0
1013.9 18.1 97 0.4 0 0
1014.1 21.5 78 0.1 0 0.3
1013.6 24.1 69 0.3 0 1
1012.6 26.2 60 0.4 0 1
1011.3 27.7 60 1.2 0 1
1010.1 28.8 53 1.2 0 1
1009.3 29.4 55 1.2 0 1
1009 29.2 58 1.1 0 1
1009.1 27.9 69 1.8 0 1
1009.5 24.9 75 0.7 0 0.7
1010.4 22 89 0.5 0 0
1011 21.4 90 1.4 0 0
1011.9 20.1 95 0.5 0 0
1012.7 20.1 95 0.3 0 0
1013.2 22.3 84 0.2 0 0.5
1013.5 24.1 80 1 0 0.9
1013.4 25.2 74 0.6 0 1
1012.6 27.2 69 1 0 1
1011.1 28.2 65 1.1 0 1
1010.2 29.3 61 1.2 0 1
1009.6 29.4 62 1.7 0 0.9
1009.6 29.1 60 1.4 0 0.6
1010 27.4 76 0.9 0 0
1010.4 25.6 84 0.3 0 0
1011.3 24.7 88 0.4 0 0
1011.9 23.3 92 0 0 0
1014.5 21.1 88 2.6 0 0
1015.2 20.9 87 2.3 0 0
1016 20.6 91 1.1 0 0
1016.7 21.4 86 2.5 0 0
1017 21.5 84 2.6 0 0
1016.8 21.5 83 3.2 0 0
1016.5 20.9 84 3.1 0 0
1016.1 21 82 2.9 0 0
1016.1 20.5 83 2.6 0 0
1016.1 20.2 82 3.4 0 0
1016.6 19.6 83 2.4 0 0
1017.1 19.3 85 2.8 0 0
1017.7 19.1 86 2.9 0 0
1018.4 19 86 3.4 0 0
1018.8 19.2 82 2.8 0 0
1019.3 19.2 84 2.9 0 0
1019.6 20.2 80 3.6 0 0.1
1019.8 21.7 76 2.9 0 0.5
1019.8 22.4 76 3.8 0 0.3
1018.9 22.3 78 4.3 0 0.6
1017.8 22.7 76 4.6 0 0.8
1017 23.2 76 4.2 0 0.2
1016.5 23.6 75 3.7 0 0.1
1016.3 23.4 76 3.4 0 0.1
1016.5 22.8 78 2.8 0 0
1017 21.9 81 3 0 0
1017.3 21.6 83 3.1 0 0
1017.5 21.3 84 1.8 0 0
1017.1 17.1 96 0.6 0 0
1017.2 16.5 97 0.1 0 0
1017.5 20.2 87 0.4 0 1
1017.7 23.2 75 0.8 0 1
1017.6 24.9 68 1 0 1
1017 26.9 63 0.8 0 1
1016 27.7 60 1.1 0 1
1015 28.8 59 0.9 0 1
1014.2 28.8 58 1.4 0 1
1013.7 28.9 59 1.4 0 1
1013.9 27.9 63 1.1 0 1
1014.4 24.3 83 0.5 0 0.6
1015 24.2 78 1.1 0 0
1015.5 22 88 1.8 0 0
1014.9 19.3 95 0.5 0 0
1015.2 20 92 0.8 0 0
1015.4 21.2 84 0.7 0 0.4
1015.5 23.3 75 0.7 0 1
1015.2 25 70 0.5 0 1
1014.5 26.8 61 1 0 1
1013.5 27.2 58 1.2 0 1
1012.4 28.2 57 0.6 0 0.7
1011.9 28.5 52 1.6 0 0.9
1011.9 27.2 65 0.8 0 0.1
1012.2 25.7 75 0.8 0 0
1012.7 23.6 85 0.4 0 0
1013.2 22.9 86 0.3 0 0
1013.4 23 82 2 0 0
1018.5 18.4 88 2.9 0 0
1020.3 16.8 88 3.3 0 0
1022.1 15.3 89 3.3 0 0
1023.6 14.5 87 3 0 0
1023.7 14.7 85 4.1 0 0
1023.9 14.3 90 3.4 0 0
1023.2 14.4 88 2.8 0 0
1022.7 14.3 85 3.5 0 0
1022.8 14.3 87 3.8 0 0
1023.2 13.7 88 3.3 0 0
1023.8 13.2 88 3.7 0 0
1024.8 12.5 90 3.5 0 0
1025.6 12.1 90 3.1 0 0
1026.2 12 89 3.1 0 0
