1016.7 22.9 84 8.5 0 0
1017.4 22.7 87 8.8 0 0
1018 22.9 87 7.3 0 0
1018.1 23.8 84 7 0 0.1
1017.9 24.3 80 5.7 0 0.4
1017 24.5 81 8 0 0.4
1016.5 24.8 77 7.8 0 0.4
1015.8 24.9 75 8.4 0 0.8
1015 24.4 76 10.4 0 0.8
1014.6 23.7 77 10.6 0 0.6
1014.8 23.1 78 12.1 0 0.8
1015.2 22.6 76 12.8 0 0.4
1015.8 22.5 77 11 0 0
1016.3 22.6 73 12.3 0 0
1016.8 19.9 68 15.9 0 0
1016.9 19.7 69 16 0 0
1017.5 20.2 65 15.7 0 0.4
1017.7 20.3 66 15.6 0 0.6
1017.9 20.8 61 14.2 0 0.7
1017.2 21.1 62 14.1 0 1
1016.7 21.4 60 14 0 0.9
1015.8 21.2 57 13.7 0 1
1015.3 21.1 56 13.4 0 1
1014.9 20.5 55 13.7 0 1
1015.1 19.9 61 13.7 0 1
1015.5 19.5 65 14.1 0 1
1015.6 19.2 60 14.1 0 0
1015.8 19.4 57 14 0 0
1016.6 19.2 62 14.3 0 0
1016.9 19.2 61 15.5 0 0.3
1017.5 19.8 62 15.2 0 1
1017.9 20.3 58 15.2 0 1
1017.7 21 58 14.9 0 1
1016.6 21.4 57 14 0 1
1016.4 21.8 57 13.9 0 1
1015.7 21.7 54 12.9 0 1
1014.7 21.4 56 12.9 0 1
1014.3 21 57 13.7 0 1
1013.9 20.5 54 14.1 0 1
1014.6 20.2 65 13.7 0 0.9
1015 19.8 60 13.4 0 0
1015.8 19.8 64 13.3 0 0
1015.5 18.8 76 6.9 0 0
1016 18.7 71 5.3 0 0.3
1016.4 20.3 65 4.3 0 1
1016.8 21.7 58 5 0 1
1016.4 22.3 56 4.8 0 1
1015.5 22.9 56 5.1 0 1
1014.9 22.7 58 5.5 0 1
1013.8 22.7 59 6 0 1
1013.1 22.6 59 6.1 0 1
1012.7 22.9 58 5.5 0 1
1012.6 22.3 61 6.3 0 0.9
1013.1 21.6 70 8.1 0 0.3
1013.5 21.2 72 7.5 0 0
1014.2 21.2 73 7.3 0 0
1013.7 21.6 71 6.6 0 0
1014 22 71 6.9 0 0
1014.8 22.3 71 6.7 0 0.1
1014.9 23.3 61 7.7 0 0.6
1014.7 23.7 66 5.7 0 0.6
1014 23.6 66 8.3 0 0.8
1013.4 23.4 67 8.5 0 1
1012.8 23.8 63 9.1 0 1
1012.1 23.1 68 11 0 0.6
1012.2 22.7 67 10.9 0 0.5
1012.6 22.6 68 10.8 0 0.1
1013.1 22.4 68 10.1 0 0.2
1013.3 22.3 71 10.7 0 0
1013.6 22.2 73 10.4 0 0
1013.2 21.8 74 7.8 0 0
1013.7 22 73 7.8 0 0.1
1014 22 83 8.7 0 1
1013.8 22.4 81 9.2 0 0.9
1013.4 22.9 78 10.3 0 1
1012.6 23.2 76 10.6 0 1
1011.4 24 73 9.2 0 1
1010.6 24.7 69 8.4 0 1
1010.3 24.3 67 7.6 0 1
1009.7 23.7 69 8.9 0 1
1009.6 23.1 73 9.2 0 1
1010.1 22.9 71 7.4 0 1
1010.4 23.1 70 6.8 0 0
1011 22.9 70 6.1 0 0
1010.9 22.3 78 5.4 0 0
1011.6 22.6 78 4.1 0 0.2
1011.9 23.6 73 4.5 0 1
1012.5 24.2 70 4.4 0 1
1012.1 25 66 4.9 0 1
1011.4 25 66 6.5 0 1
1010.8 25.7 62 5.7 0 1
1009.9 25.7 63 4.1 0 1
1009.5 25.3 68 3.7 0 1
1009.1 25 67 4.8 0 0.8
1008.9 23.9 73 7.2 0 0.8
1009.5 23.2 73 6.6 0 0.9
1009.9 22.8 77 7.6 0 0
1010.2 22.6 73 8.1 0 0
1010.5 22.1 76 5.3 0 0
1011 22.5 77 4.9 0 0.1
1011.6 23.4 74 5.8 0 1
1012.3 24 72 6.9 0 1
1012.2 25.1 72 5.2 0 0.9
1011.8 24.8 73 5.5 0 0.7
1011.4 25.2 69 5.7 0 0.8
1010.6 25.7 68 6.1 0 0.9
1010.1 25.1 69 6.8 0 0.8
1010.1 24.6 69 7.9 0 0.9
1010 24 74 8.3 0 1
1010.3 23.4 73 8.2 0 0.7
1010.6 23.2 77 8.3 0 0
1011 23.1 74 8.4 0 0
1012.2 21.8 80 7.7 0 0
1012.9 21.6 83 9.4 0 0
1013.6 22.2 81 8.7 0 0.9
1014.5 23.7 72 9.3 0 0.7
1014.7 24.8 67 9.3 0 0.7
1014.1 24.8 65 10.3 0 0.9
1013.4 25.7 60 10.3 0 1
1012.8 23.8 72 13.7 0 0.5
1012.5 23.6 71 13 0 0.5
1012.7 23.4 72 13.6 0 0.9
1013 22.9 73 12.2 0 1
1013.8 22.2 73 12 0 0.4
1014.2 22 75 12.2 0 0
1014.8 22.2 75 10.4 0 0
1014.8 21.9 74 9.5 0 0
1015.4 22 75 9.2 0 0
1016.3 22.6 72 8.4 0 0.5
1016.6 23.2 72 10.5 0 0.9
1016.5 23.6 68 10.3 0 1
1015.9 24 69 11.5 0 1
1015.1 23.9 68 12.5 0 1
1014.2 23.9 66 11.5 0 1
1013.8 23.5 71 12 0 0.9
1013.7 23.4 70 9.8 0 0.6
1013.7 22.9 73 10 0 0.8
1014.2 22.7 71 7.6 0 0.4
1014.7 22.4 76 7.9 0 0
1015.2 22.5 76 7 0 0
1014.9 22.3 80 9.2 0 0
1014.8 22.2 81 10.4 0 0
1015.3 22.3 81 11.1 0 0
1015.2 22.5 80 11 0 0
1015 23.2 77 10.6 0 0.3
1014.6 23.7 75 12 0 0.2
1013.6 23.2 76 11.2 0 0.5
1012.4 23.1 74 11.1 0 0.3
1011.8 23.2 74 12 0 0.8
1011.4 23 73 12.2 0 0.8
1011.4 22.3 76 12.4 0 0.8
1011.7 21.9 78 11.9 0 0.2
1012.1 22 78 11 0 0
1012.7 22.1 76 11.2 0 0
1011.9 22.5 77 9.2 0 0
1012.2 22.6 80 8.8 0 0
1012.8 22.8 78 8.7 0 0.2
1013.4 23.8 75 8.4 0 0.7
1013.2 24.4 73 8.7 0 0.9
1013 24.5 69 9.9 0 0.9
1012.6 24.1 73 9.9 0 0.7
1011.8 24.2 70 10 0 0.6
1011.2 24.3 71 8.8 0 0.9
1010.8 23.6 74 9.9 0 1
1010.8 23.3 68 10.9 0 1
1010.7 23.2 64 10.3 0 1
1011.4 23.1 69 10.4 0 0.1
1011.7 23 72 9.7 0 0
1013.2 22.5 76 13.6 0 0
1013.7 22.7 79 12.4 0 0
1014.2 23 76 13.1 0 0.9
1014.3 23.6 72 13.1 0 0.9
1014.3 24.4 63 13.2 0 1
1013.8 25.1 58 11.4 0 1
1013 24.9 61 10.2 0 1
1011.8 25 62 10 0 1
1011.4 24.7 63 10.1 0 1
1011.2 24.5 65 9.1 0 1
1011.4 24.1 67 9.4 0 1
1011.5 23.5 72 9.9 0 0.5
1011.9 23.2 73 9.8 0 0
1012.8 23.3 73 9.1 0 0
1013.3 23 75 7.9 0 0
1013.8 23.2 76 8.8 0 0
1014.3 23.4 77 8.4 0 0
1015 23.9 75 7 0 0
1014.8 24.7 75 8.8 0 0
1014.5 25.2 73 7.4 0 0
1014.1 25.1 75 7.3 0 0.1
1013.1 24.6 77 7.8 0 0.1
1012.6 24.5 78 8.5 0 0.1
1012.5 24 81 9.1 0 0.6
1012.7 24 80 8.6 0 0.4
1013.3 23.8 83 6.8 0 0
1013.6 23.7 83 6.4 0 0
1014.2 23.7 81 7.3 0 0
1014.2 23.2 86 9.8 0 0
1014.4 23.1 85 10.8 0 0
1015 23.6 84 9.2 0 0
1015.3 24.4 80 9.4 0 0.2
1015.2 24.8 75 11.6 0 0.6
1014.7 23.7 78 12.7 0 0.1
1014.3 23.2 79 12.1 0 0.1
1013.2 23.4 78 13.5 0 0.1
1012.7 22.9 79 14.2 0 0.1
1012.4 22.4 79 15.1 0 0
1013 22.2 80 14.3 0 0
1013.5 22 81 14.9 0 0
1013.7 22 83 14.6 0 0
1014.9 21.9 81 14 0 0
1015.2 21.1 83 15.7 0 0
1016 21.2 83 14.6 0 0
1016.2 21.1 81 15 0 0
1016.4 21.3 80 14.6 0 0
1016.7 21.3 80 14.1 0 0
1016.5 21.1 80 15.1 0 0
1015.5 21.1 78 15.2 0 0
1014.5 21.5 76 14.5 0 0.3
1014.3 21 77 14.7 0 0.2
1014.1 20.7 78 14.9 0 0.1
1014.1 20.5 79 15.2 0 0
1014.4 20.1 81 15.9 0 0.1
1014.4 19.9 80 16.5 0 0
1014.9 20 81 15.6 0 0
1016.4 19.8 81 14.3 0 0
1016.8 19.7 80 14.4 0 0
1017.3 20.2 80 13.4 0 0
1017.5 20.6 79 13 0 0
1017.6 21 76 12.9 0 0.2
1016.7 21.4 76 12.4 0 0.2
1015.9 21.9 74 12.2 0 0.6
1014.8 21.8 73 12.1 0 0.8
1014.1 21.5 76 12.2 0 0.4
1013.8 20.9 77 13 0 0.3
1013.5 20.9 79 13.2 0 0.5
1014.3 20.6 80 13.8 0 0
1014.7 20.4 80 13.1 0 0
1015.3 20.6 81 12.9 0 0
1014.9 21.3 82 10.9 0 0
1015 21.3 81 11.2 0 0
1015.7 21.5 81 12.3 0 0
1015.8 21.8 81 12.1 0 0
1015.9 22.1 82 11.9 0 0
1015.4 21.7 82 12.3 0 0
1014.8 21.8 81 11.6 0 0
1014.2 22 81 11.7 0 0
1013.2 21.7 80 12.3 0 0
1013.1 21.6 82 12.5 0 0
1013.6 21.4 81 12.4 0 0
1013.5 21.3 82 11.3 0 0
1013.6 21.2 83 11.8 0 0
1013.9 21.2 84 12.4 0 0
1011.6 22 85 11.4 0 0
1012.3 21.8 86 10.3 0 0
1012.8 22.2 86 9.5 0 0
1013.1 22.3 85 9.8 0 0
1013 22 85 9.7 0 0
1012.1 22.2 86 9.2 0 0
1011.1 22.8 82 9.8 0 0
1010 23.5 79 8.2 0 0.1
1009.6 22.8 83 8.3 0 0
1009.6 23.2 80 7.9 0 0
1010 22.9 76 7.8 0 0
1010.3 22.1 84 9.3 0 0
1010 21.9 83 8.6 0 0
1010.1 22.2 83 7.8 0 0
1010.4 21.7 81 8.5 0 0
1011 21.7 82 8.5 0 0
1011.2 21.9 81 8.7 0 0
1011.3 22.8 79 8.8 0 0
1011.2 23.1 76 8.8 0 0.2
1010.4 24 72 8.3 0 0.6
1009.3 24.4 71 8.2 0 0.7
1008.4 23.7 73 7.8 0 0.7
1008.2 23.2 75 9.1 0 0.3
1008.2 22.9 77 8.3 0 0.5
1008.6 22.6 76 8.6 0 0.7
1008.9 22.1 78 8.3 0 0.2
1009.3 21.8 78 8 0 0
1010.1 21.8 79 8.3 0 0
1011 21.8 81 8.1 0 0
1011.3 21.6 81 8.5 0 0
1011.7 22 82 8.2 0 0
1012.5 22.3 81 8.1 0 0
1012.5 22.1 80 8.4 0 0
1012.1 23 74 7.6 0 0
1011.2 22.9 72 8.7 0 0.1
1010.4 22.6 72 9.3 0 0.3
1010.1 22 74 9.6 0 0
1010.1 22.1 71 10.3 0 0
1010 21.8 73 9 0 0
1010.7 21.7 75 10.3 0 0
1010.8 21.8 74 9.4 0 0
1010.9 21.7 74 10.1 0 0
1010.9 21.7 65 12.4 0 0
1011.3 21.6 62 13.1 0 0
1011.6 22.2 55 13.5 0 1
1012.2 22.8 60 13.7 0 1
1012.4 22.9 59 13.1 0 1
1012 23.3 59 12.4 0 1
1011.1 23.3 58 12.8 0 1
1010.3 23.6 51 12 0 1
1009.8 23.8 51 11.5 0 1
1009.7 23.3 58 11.4 0 1
1009.6 22.8 58 11.3 0 1
1010.1 22.3 65 10.7 0 0.8
1010.7 22.1 68 11.2 0 0
1011.1 22 72 9 0 0
1012.1 21.1 76 3.6 0 0
1012 21.4 75 5 0 0.1
1012.8 22.4 69 4.1 0 1
1013.5 23.3 67 4.1 0 1
1013.4 23.8 67 4.8 0 1
1013.2 23.8 67 4.9 0 0.9
1012 24 72 7 0 1
1011.3 23.8 73 6.4 0 1
1010.6 23.4 71 5.5 0 1
1010.3 23.4 71 5.4 0 1
1010.2 22.7 73 5.4 0 1
1010.2 22.1 75 5.7 0 0.9
1010.7 22 75 4.8 0 0
1011.2 22 77 5.6 0 0
1011.1 21.8 82 3.8 0 0
1011.6 22.1 82 4.3 0 0.1
1011.9 22.9 78 5.4 0 1
1012.7 24.4 71 4.5 0 1
1012.3 25.2 69 5.2 0 1
1011.6 25.2 77 5 0 1
1010.8 24.5 77 4.2 0 1
1009.7 24.6 76 4.7 0 1
1009.2 24.7 76 5.1 0 1
1009 24.6 71 5.5 0 1
1008.8 23.7 71 6.1 0 1
1009 23.7 69 5.6 0 0.1
1009 23.6 73 7.3 0 0
1009.5 23.7 74 5.2 0 0
1009.6 23.6 84 6.1 0 0
1010.1 23.6 86 6.2 0 0
1010.6 23.9 86 7.3 0 0.2
1011.2 24.2 83 7.5 0 0.6
1011.1 24.9 80 6.8 0 1
1010.5 25.4 77 8 0 1
1009.6 25.3 79 7.3 0 1
1008.5 25.5 78 5.8 0 1
1007.8 25.2 79 5.2 0 1
1007.5 25.1 80 5.5 0 1
1007.5 24.2 86 4.2 0 0.8
1007.9 24 88 4.4 0 0.1
1008.3 24 90 4.4 0 0
1009 23.9 91 4.6 0 0
1009.7 23.5 93 4.4 0 0
1010.2 23.5 93 3.9 0 0
1010.7 23.9 93 3.2 0 0.3
1011.1 24.5 92 3.4 0 0
1011.5 24.6 89 3.7 0 0
1011.2 25 87 3.6 0 0
1010.5 25.3 84 3.7 0 0.1
1009.5 25 84 3.3 0 0
1008.9 25.2 82 3.2 0 0
1008.7 25 82 3.8 0 0
1008.6 24.8 83 3.4 0 0
1008.8 24.2 87 2.9 0 0.2
1009.5 24 87 2.6 0 0
1010 24 86 2.7 0 0
1010.5 23.8 92 7.2 0 0
1011.1 23.3 93 7.8 0 0
1011.7 23.7 91 7.5 0 0
1012.4 24.9 88 7.7 0 0.5
1012.7 25 85 7.8 0 0.9
1012.3 24.7 84 9.1 0 0.5
1011.6 24.6 81 10.8 0 0.5
1010.9 24.4 81 11.5 0 0.8
1010.4 24.2 81 12.4 0 1
1010.3 23.6 81 11.6 0 0.9
1010.5 22.9 84 12 0 0.5
1011.1 22.5 86 12 0 0.2
1011.7 22.2 85 12.8 0 0
1012.1 22.2 85 13 0 0
1013.3 21.8 83 13.7 0 0
1014 22 84 12.3 0 0
1014.6 22.3 82 12 0 0.1
1015.4 22.6 80 10.8 0 0.3
1015.8 23.2 78 10.7 0 0.5
1015.5 23.2 78 9.8 0 0.3
1015 23.8 78 9.5 0 0.5
1014.1 23.7 78 10.8 0 0.2
1013.6 23.7 77 10.4 0 0.6
1013.2 23.4 80 11.1 0 0.7
1013.2 22.9 81 11.5 0 0.9
1013.4 22.6 84 10.2 0 0.5
1014 22.5 86 10.7 0 0
1014.3 22.4 86 9.9 0 0
1014.9 22.2 87 6.3 0 0
1015.2 22.3 87 5.9 0 0
1015.5 22.8 86 6 0 0
1016 23.3 83 5.2 0 0
1016.4 23.7 80 4.7 0 0
1015.9 24.2 75 5.8 0 0
1015.2 24 75 6.2 0 0.1
1014.2 24.3 75 5.6 0 0.1
1013.5 24.1 77 6.1 0 0.1
1013 23.7 78 5.8 0 0.3
1012.7 23.3 80 5.5 0 0.7
1012.9 22.5 84 5.6 0 1
1013.3 22.1 87 5.4 0 0
1013.4 22 89 5.1 0 0
1012.6 22.1 90 5.5 0 0
1013 22.2 90 5.1 0 0
1013.1 23.1 89 4.7 0 1
1013.2 24.7 83 4.8 0 1
1013 25.6 77 4.8 0 1
1012.2 26 76 5.4 0 1
1011.6 25.9 75 4.1 0 1
1010.9 26.1 74 4 0 1
1010.2 26.1 72 3.3 0 1
1009.9 25.8 73 2.5 0 1
1010.1 25 80 3 0 1
1010.6 24.5 86 4.7 0 0.9
1011 23.8 83 3.5 0 0
1011.2 23.8 83 4.7 0 0
1012 23.4 89 7.7 0 0
1012.8 23.4 90 7.4 0 0
1013.6 23.9 88 6.6 0 0.9
1014.1 24.5 85 7 0 0.9
1014.4 21 87 15.7 0 0
1014.1 20.7 81 16.6 0 0.2
1013.6 20.4 80 17.4 0 0.2
1013.7 19.6 80 17.6 0 0.2
1013.4 19.4 80 18 0 0
1013.7 19.4 75 18.4 0 0.1
1014.1 18.9 78 19.4 0 0.2
1014.5 18.7 81 18.8 0 0.1
1015.2 18.1 80 19.6 0 0
1016.2 18.1 80 19.2 0 0
