1017.9 22 92 2 0.5 0
1018.9 21.6 93 2.3 1.5 0
1019.2 22.1 93 1.4 2 0
1019.4 23.7 80 0.8 0 0
1019.1 24.8 74 0.2 0 0
1018 25.5 79 1 0 0
1017 26.7 66 1 0 0.2
1015.6 27.2 67 1 0 0.5
1014.8 27.4 65 1.5 0 0.5
1014.5 27.4 66 1.1 0 0.8
1014.6 26.6 74 0.8 0 0.5
1015.1 25.6 79 3.6 0 0.7
1015.9 24.6 82 1.8 0 0
1016.3 24.2 84 0.4 0 0
1016.9 21.3 78 6.5 0 0
1017.4 21.3 78 5.7 0 0
1017.8 21.5 78 6 0 0.1
1018.2 21.7 74 7 0 0.2
1018.2 22.5 69 7.6 0 1
1017.6 22.9 67 7.3 0 1
1017.3 22.6 68 5.8 0 0.4
1016.5 22.3 66 6.6 0 0.1
1016.1 23.4 62 4.9 0 0.5
1016 22 68 5.6 0 0.5
1016.4 21.4 72 5.3 0 0
1016.7 20.9 74 5.3 0 0
1017.1 20.7 74 5.8 0 0
1017.4 20.6 74 6.1 0 0
1017.9 19.8 63 7.1 0 0
1018.9 19.8 61 6.2 0 0.3
1019.4 20.6 58 5.3 0 1
1019.9 21.6 56 6.9 0 1
1019.3 22.4 52 7.6 0 1
1018.9 22.8 51 6.2 0 1
1017.7 23.1 49 6.4 0 1
1017.2 23.3 48 6.3 0 1
1016.4 23 48 6.2 0 1
1016.1 22.7 48 6.9 0 1
1016.2 22.1 50 5.2 0 1
1016.7 21.2 52 6.1 0 0.7
1017.3 21.1 52 6 0 0
1018.2 20.9 56 5.6 0 0
1017.2 20.5 53 5.5 0 0
1017.1 20.8 50 5.6 0 0.4
1017.7 21.8 50 5.5 0 1
1018 22.8 48 5.3 0 1
1017.5 23.7 45 5.2 0 1
1016.8 23.8 46 7.2 0 1
1016.1 24.5 46 4.6 0 1
1015.2 24.5 47 3.9 0 1
1014.5 24.7 48 4.1 0 1
1014.5 24.1 51 3.3 0 1
1014.9 23.6 54 2.6 0 1
1015.3 22.7 57 1.7 0 1
1015.8 22 60 2.3 0 0
1016.1 22.2 59 3.2 0 0
1015.2 21.4 57 4.1 0 0
1015.7 21.4 58 3.1 0 0.4
1016 23.2 52 3.7 0 1
1016.2 24.8 49 4.8 0 1
1015.8 25.6 48 5.7 0 1
1015.1 26 47 4.7 0 1
1014.5 26.4 48 5.2 0 1
1014 26.3 50 5.4 0 1
1013.6 26.2 52 5.1 0 0.9
1013.8 25.8 56 5 0 1
1014.4 25.3 58 3.7 0 1
1014.7 24.3 62 3.2 0 0.6
1015.1 24.1 62 4.2 0 0
1015.5 24 62 3.6 0 0
1014.4 21.6 71 1.6 0 0
1014.9 22.3 68 3 0 0.5
1015.1 23.9 65 3.6 0 1
1015.2 25 61 2.7 0 1
1015.1 25.8 57 2.8 0 1
1014.5 26.2 56 3.4 0 0.9
1013.6 26.1 57 3.5 0 0.5
1012.3 26.6 56 3.4 0 0.8
1011.7 26.4 56 4.8 0 1
1011.3 25.9 58 5.5 0 0.9
1011.6 25.1 63 4.3 0 0.8
1012 24.3 65 3.1 0 0.9
1012.4 24.1 65 3.3 0 0
1013.1 23.7 68 2.6 0 0
1013.1 22.5 67 2.9 0 0
1013.5 21.7 70 1.6 0 0.4
1013.7 24 62 2 0 1
1013.8 26.1 59 2 0 1
1013.4 27 54 3.9 0 1
1013.1 27.6 54 2.8 0 1
1012.3 27.3 56 3.3 0 1
1011.3 26.5 59 3.8 0 0.4
1010.6 26.8 58 2.9 0 0.4
1010.4 26.7 59 2.7 0 0.9
1010.5 25.8 62 2.1 0 0.7
1011.5 24.7 67 1.1 0 0.4
1012 24 69 0.4 0 0
1012.3 23.6 70 0.5 0 0
1012.3 18.6 90 0.2 0 0
1013 19.2 87 0.4 0 0.5
1013.2 23.7 69 0.6 0 1
1013.8 25.8 57 3.4 0 1
1013.6 26.5 56 3.7 0 1
1013.1 27.2 48 3.9 0 1
1012.4 27.5 47 3.3 0 1
1011.7 27.8 46 2.9 0 1
1011.3 27.2 51 1.8 0 0.5
1011.3 27 52 3 0 0.6
1011.8 26.1 56 2.9 0 0.7
1012.4 24.9 62 2.2 0 0.3
1012.5 24.4 65 3.1 0 0
1012.9 24.3 66 2.9 0 0
1014.2 23.7 67 4.9 0 0
1014.9 23.6 66 4.7 0 0
1015.4 24.3 60 7.7 0 0.9
1016.1 25.2 54 7.8 0 1
1015.8 26.1 49 6.5 0 1
1015.7 26.5 51 7.6 0 1
1015.3 26.9 52 7.2 0 1
1014.4 26.8 52 7.6 0 1
1013.8 26.2 58 8.2 0 1
1014 25.5 62 7.2 0 1
1014.3 24.7 66 8.2 0 0.8
1015.3 24 66 7.3 0 0.4
1015.9 23.7 65 8 0 0
1016.3 23.2 68 8.1 0 0
1016.3 22.3 66 6.6 0 0
1017.2 22.4 65 6.7 0 0
1017.5 23.1 61 6.1 0 0.8
1017.7 24.1 60 8.2 0 1
1017.8 24.9 58 8.5 0 1
1017.2 25.4 55 8.4 0 1
1016.6 25.9 51 5.6 0 1
1015.8 25.6 55 6.4 0 1
1015.2 25.2 57 7 0 1
1015.2 25.1 55 7.3 0 1
1015.4 23.9 64 7.1 0 0.7
1016.2 23.9 58 5.9 0 0.6
1016.5 23.6 59 4.9 0 0
1016.9 23.5 67 5.1 0 0
1016.3 20.7 69 1.1 0 0
1016.8 21.9 67 2.2 0 0.4
1017.2 23.8 61 3 0 1
1017.3 24.8 60 4 0 1
1016.9 26.5 54 3.4 0 1
1016 26.1 58 4.4 0 1
1014.8 26.4 56 4.4 0 1
1014 26.1 57 3.9 0 0.9
1013.5 25.5 63 2.6 0 0.8
1013.2 25.8 62 3.2 0 0.8
1013.1 25 64 2.7 0 1
1013.2 24.2 64 3.4 0 1
1013.4 24.2 61 4.1 0 0
1013.3 24.4 65 5.6 0 0
1013 23.5 62 1.3 0 0
1013.7 23.5 62 1.5 0 0
1014.4 23.9 64 1.7 0 0
1014.7 24.5 62 1.1 0 0
1014.4 25.6 58 2.8 0 0
1014.3 25.8 57 4.3 0 0
1013.4 27.3 59 3.9 0 0.5
1012.7 27.6 59 3.1 0 0.8
1012.1 27.1 61 3.6 0 0.7
1011.8 26.8 65 2.9 0 0.6
1012 25.6 70 3.5 0 0.2
1012.6 25 71 2.6 0 0.3
1012.9 24.9 71 4.7 0 0
1013.6 24.9 71 4.5 0 0
1015.1 22.9 76 6.8 0 0
1015.5 23.1 77 5.4 0 0
1016.1 22.7 80 6.2 0 0
1016.2 23.1 75 9.1 0 0
1016.1 24.8 67 8.2 0 0.3
1015.9 24 69 9.3 0 0.6
1014.8 24.4 65 7.7 0 0
1013.9 25.2 61 8.2 0 0.5
1013.4 24.2 61 8.4 0 0.4
1013.1 24.6 55 8.2 0 0.9
1013 23.9 55 9.3 0 0.9
1013.8 23.8 45 9.5 0 0.2
1013.8 23.8 51 7.5 0 0
1014 23.9 51 7.7 0 0
1014.4 23.5 60 6.4 0 0
1014.9 23.9 59 5.6 0 0.3
1015.9 24.2 59 5.8 0 0.1
1016.6 24.8 59 5.2 0 0
1016.8 25.5 58 2.6 0 0.1
1015.2 26.5 53 2.7 0 0
1014.8 26.8 56 3.6 0 0.2
1014.3 26.4 49 3.7 0 0
1014.3 25.9 60 3.2 0 0
1014.2 25.4 62 3.8 0 0
1014.2 25.1 65 4.7 0 0
1015.1 25 67 3.3 0 0
1015.7 24.9 69 4.4 0 0
1015.8 24.8 71 4 0 0
1015.2 25.7 55 5.7 0 0
1015.4 25.7 63 4.2 0 0.3
1015.8 26.7 63 5.7 0 0.7
1016.1 26.9 64 7.2 0 1
1016.2 27.7 59 7.7 0 1
1015.3 27.9 59 6.9 0 1
1014.8 28.1 54 8.2 0 1
1014.1 28.4 56 6.1 0 0.9
1013.6 27.8 59 5.8 0 0.9
1013.8 26.8 62 4.9 0 0.4
1014.2 25.9 67 7.7 0 0
1014.9 25.3 71 6.9 0 0
1015.5 25 70 8.3 0 0
1015.4 24.6 70 7.5 0 0
1016 23.7 73 6.8 0 0
1016.1 23.7 73 8 0 0
1017 24.4 69 8.1 0 0.5
1017.5 24.4 69 8 0 0.2
1017.1 24.8 65 9.1 0 0
1016 25.6 65 9 0 0.9
1015.6 25.8 65 7.6 0 1
1015.2 25.5 64 7.5 0 0.8
1015.2 25.2 64 7.2 0 0.8
1014.7 24.6 65 8.4 0 0.9
1014.8 23.8 66 8.6 0 0.9
1015.1 23.3 68 8.7 0 0.4
1015.2 23 69 6.8 0 0
1015.6 23 69 9.5 0 0
1016.7 22.2 68 7.4 0 0
1017.2 22.2 68 8.4 0 0.1
1017.6 22.3 67 7.3 0 0.3
1018.3 23.2 64 6.1 0 0.2
1017.9 23.8 63 6.1 0 0.1
1017.3 24 64 7.8 0 0.4
1016.7 25 60 8.1 0 0.9
1015.6 25.2 59 7.6 0 1
1014.5 25 62 5.6 0 0.7
1014.6 24.9 62 5.6 0 1
1014.7 24 66 7.5 0 1
1015.7 23.5 69 6.9 0 0.4
1015.9 23.4 68 4.9 0 0
1016.2 23.5 67 6.8 0 0
1016.2 23 75 3.2 0 0
1016.7 23.1 71 3.2 0 0
1017 24 67 3.1 0 0.3
1017.2 24.9 65 1.6 0 0
1017.3 25.6 66 4.8 0 0.4
1016.8 25.7 67 5.3 0 0.2
1016.1 26 67 4.6 0 0.5
1015.2 26 67 2.6 0 0
1014.9 25.5 69 4.3 0 0
1014.2 25.3 69 4.9 0 0
1014.4 25.2 70 3 0 0.1
1015.1 24.5 74 4.1 0 0
1015.2 24.3 76 3.2 0 0
1015.3 24.5 75 3.1 0 0
1012.4 23.8 77 1 0 0
1013.4 23.9 75 1.8 0 0
1013.8 24.1 76 1.8 0 0
1013.9 24.5 77 1.6 0 0
1013.6 26.2 68 2.4 0 0.1
1012.5 26.9 62 1.9 0 0
1011.4 28.6 58 1.8 0 0.8
1010.7 27.2 65 2.7 0 0.8
1010.1 26 68 2.7 0 0
1010.1 26.3 71 1.2 0 0.1
1010.2 26 71 2.5 0 0
1010.7 25.4 73 0.8 0 0
1011 25 76 2 0 0
1011.5 24.7 79 0.6 0 0
1010.6 21.7 91 1 0 0
1011.7 22.3 91 0.5 0 0
1012.3 23.5 87 0.2 0 0.9
1012.2 25.2 77 0.5 0 0.7
1012.2 26.4 68 3.8 0 0.5
1011.7 25.6 74 3.7 0 0.4
1010.7 25.8 74 3.4 0 0
1009.9 25.8 73 3.4 0 0.1
1009.6 25.6 73 4.1 0 0.2
1009.7 24.7 79 3.2 0 0
1009.8 24.8 77 1.8 0 0
1010.5 24.1 79 2.7 0 0
1011.1 23.4 82 2.7 0 0
1011.6 23.6 80 3.7 0 0
1012.2 20.5 90 0.3 0 0
1012.6 21.1 87 0.3 0 0.2
1012.7 22.7 83 0.7 0 1
1013 25.4 70 0.8 0 1
1012.7 26 69 1.2 0 0.9
1012.5 26.7 67 1.2 0 0.7
1011.4 27.1 64 2.3 0 1
1010.2 26.8 63 1.6 0 1
1009.9 27.2 62 1.9 0 0.9
1009.9 27 66 1.8 0 0.8
1010.3 26.5 68 3 0 0.9
1010.6 25.8 75 1.2 0 0.9
1011.6 24.5 78 0.6 0 0
1011.9 24 78 0.4 0 0
1012.3 21.9 73 6 0 0
1013.2 22 68 6.2 0 0
1013.2 22.8 61 7.1 0 0.8
1013.9 23.7 55 6.4 0 1
1013.4 23.9 53 9.4 0 0.9
1013.1 24.4 51 9.6 0 0.9
1012.3 24.6 50 8.6 0 1
1011.7 23.7 54 8.2 0 0.3
1011.4 24.2 53 6.5 0 0.5
1011.6 23.3 55 7.2 0 0.4
1011.6 23.2 55 6.4 0 0.7
1012.2 22.7 58 8.5 0 0.2
1012.7 22.6 60 6.8 0 0
1013.3 22.4 60 6.6 0 0
1013.6 22.3 61 3.2 0 0
1013.9 22.4 61 3.3 0 0
1014.4 23.3 60 1.8 0 0.1
1015 23.6 60 2.7 0 0.1
1014.7 24 60 4.6 0 0
1014.4 24.5 59 4.2 0 0
1013.4 26.5 55 4.3 0 0.6
1012.6 25.6 55 4.5 0 0.6
1011.8 25.9 57 1.7 0 0.1
1011.5 26 57 2.8 0 0.7
1011.9 25.3 61 2.6 0 1
1012.4 24.1 66 0.3 0 0.9
1012.8 23.2 70 0.3 0 0
1013.3 23.3 69 1.8 0 0
1012.4 22.5 76 0.1 0 0
1013 22.8 78 0.8 0 0
1013.4 25 71 1.4 0 0.1
1013.7 26.2 66 2.3 0 0.5
1013.7 26.1 67 2.4 0 0
1013.1 26.7 66 2.7 0 0
1012 27.3 62 1.8 0 0
1010.9 27.4 61 1.9 0 0.1
1010.1 28.4 56 2.6 0 0.9
1009.8 28.3 57 2.8 0 1
1010.3 27.6 61 2.5 0 0.8
1010.7 25.9 64 1.1 0 0.7
1011.1 25.4 73 1.8 0 0
1011.4 25.7 72 1.8 0 0
1011 24.4 78 1.6 0 0
1011.6 24.4 82 2.5 0 0
1012.2 25 81 2.3 0 0.2
1012.6 26 76 2.7 0 1
1012.6 27.7 69 3.9 0 0.9
1012.3 27.4 70 4.9 0 0.9
1011.2 27.6 70 3.5 0 0.8
1010.3 27.2 73 4.8 0 0
1009.3 27.4 70 4 0 0.2
1009.5 26.2 77 3 0 0
1009.4 26.3 77 2.8 0 0.2
1009.9 25.6 80 2.3 0 0.2
1010.4 26.2 77 2.7 0 0
1011 25.7 79 1.4 0 0
1011.6 23.9 95 1.7 0 0
1011.9 24.4 92 2.7 0 0
1012.3 25.4 87 2.3 0 0
1012.7 26.8 81 3.4 0 0.8
1012.8 28.4 75 2.4 0 1
1012.4 29 70 2.7 0 1
1011.5 29.1 70 3.2 0 1
1010.8 29.2 68 3.2 0 0.7
1010.1 29.5 67 2.5 0 0.8
1010.1 29.1 70 2 0 0.9
1010.3 28.1 74 2.6 0 1
1010.7 27 80 3 0 1
1011.3 26 85 2 0 0
1011.7 25.9 84 2.3 0 0
1012 22.6 94 1.1 0 0
1012.6 22.8 94 1.6 0 0.1
1013 24.9 89 2.2 0 1
1013.7 28.2 73 1.8 0 1
1013.9 28.7 65 3.6 0 1
1013.7 29.4 67 2.5 0 1
1012.9 29 68 3.8 0 0.8
1012.1 27.2 71 6.5 0 0.6
1011.7 27.1 71 6.4 0 0.7
1011.6 26.7 72 6 0 0.7
1011.7 26 75 6.1 0 0.4
1012.1 25.6 75 8.8 0 0.5
1012.8 25.4 75 7.5 0 0.1
1013.2 25 75 8.9 0 0
1013.9 23.6 74 9.4 0 0
1015.1 23.7 74 9.5 0 0
1015.6 24.3 71 10 0 0.4
1016.4 25.1 70 6.8 0 1
1016.5 25.7 68 7.6 0 1
1016.1 26.5 65 5.9 0 1
1015.5 26.6 64 7.5 0 1
1015 26.9 63 6.1 0 1
1014.6 26.4 65 7.9 0 1
1014.3 26.2 65 6.3 0 1
1014.7 25.4 69 5.3 0 0.8
1015 24.9 71 5.1 0 1
1015.9 24.6 72 3 0 0.1
1015.8 24.6 75 4.3 0 0
1016.4 24.1 77 2.5 0 0
1016.8 24.6 74 2.2 0 0
1017.3 24.5 77 3.4 0 0
1017.8 24.1 83 3.2 0 0
1017.7 25.7 78 4.3 0 0.5
1017.4 26.6 71 4.5 0 0.7
1016.1 27.7 69 4.3 0 0.8
1015.4 27.6 69 4.6 0 0.8
1014.8 27.9 68 3.9 0 1
1014.3 27 70 3.7 0 0.9
1014.4 26.7 72 3.3 0 0.8
1014.5 25.8 76 3.1 0 1
1014.9 25.6 78 1.3 0 0
1015.4 25.1 83 2.1 0 0
1013.9 22.5 89 1.4 0 0
1014.5 22.3 89 1.2 0 0
1015 23.6 87 0.8 0 0.3
1015 26.6 69 2.3 0 0.9
1014.8 27.9 65 2.2 0 0.8
1014.2 27.8 64 3.1 0 0.7
1013.1 28.5 58 3.2 0 1
1012 28.7 58 3.2 0 1
1011.5 28.9 57 2.8 0 1
1011.4 28.9 56 2.7 0 1
1011.7 28 59 2 0 0.6
1012.3 26.2 72 3.3 0 1
1012.9 24.9 79 1 0 0
1013.3 24.8 81 2 0 0
1013.2 24.1 72 0.6 0 0
1014.1 24.7 65 1.5 0 0
1014.3 25.6 64 1.9 0 0
1015.5 26 66 3.2 0 0
1015.6 26.7 60 3 0 0
1014.8 27.2 65 6.1 0 0.2
1014.6 24.3 73 9.4 0 0.1
1014.1 23.2 72 7.8 0 0.1
1014.2 22.6 71 7.2 0 0
1014.1 22.5 69 8.9 0 0
1014.3 22.1 69 9.8 0 0
1014.9 21.7 68 10.5 0 0
1015.8 21.5 66 10.1 0 0
1016.5 21.2 67 9.1 0 0
