952.2 18.1 92 1.6 0 0
952.8 18 93 1 0 0
953 17.7 99 0.7 0 0
953.3 18.2 99 0.7 0 0
953.4 19.7 92 1.3 0 0.1
952.8 18.5 97 1.6 1 0
951.9 17.2 100 4.1 0.5 0
951.7 16.7 100 2.3 0 0
951.3 16.5 100 2.5 0 0
951.3 16 100 4.2 1 0
951.7 15.8 99 3.4 0.5 0
951.8 15.1 97 4.4 0.5 0
952.6 14.2 95 5.2 1 0
953.5 13.6 95 5.3 2 0
954.1 10.4 86 1.5 0 0
954.7 10.7 79 1 0 0
954.9 11.2 80 1.5 0 0.2
955.2 11.7 75 1.7 0 0.9
955.1 12 75 1.7 0 0.3
954.4 12.5 68 2.3 0 0.8
953.5 13.4 69 1.8 0 1
952.5 13 66 2.1 0 0.9
952 13.3 65 1.2 0 1
952.2 12.6 71 1.4 0 1
952.3 12.4 72 0.9 0 1
952.5 10.3 82 1.7 0 0.9
952.9 8.4 87 1.1 0 0
953 9.1 81 1.3 0 0
954 7.8 88 1.3 0 0
954.7 7.8 88 0.9 0 0
955.2 10.1 75 1.9 0 0.3
955.1 11.7 71 2.7 0 0.9
954.7 13.3 68 2.9 0 1
954.3 14.1 61 1.8 0 1
953.3 14.2 59 1.7 0 1
952.7 13.5 56 3.4 0 1
952.2 13.3 60 2.3 0 1
952 12.5 57 2.8 0 1
952.1 12.2 67 2 0 1
952.2 11.1 75 3.1 0 0.8
952.5 10.2 76 1.4 0 0
953.1 10.3 79 1.9 0 0
951.6 11.8 87 3.4 0 0
952 12.1 87 3.4 0 0
952.5 12.9 85 3.3 0 0.3
952.5 14.8 75 1.4 0 1
952.1 15.8 76 1.2 0 0.9
951.8 16.3 74 2 0 0.9
950.8 16.5 73 2.3 0 1
949.8 16.7 73 2.1 0 1
949.2 16.9 75 3.4 0 1
948.9 16.5 75 4.1 0 1
949.1 15.9 78 4 0 1
949.5 14.7 84 3.9 0 0.9
950 14.4 85 3.1 0 0
950.7 14.3 87 2.3 0 0
950.1 14 85 3.3 0 0
950.8 14.2 84 3.7 0 0
951 14.9 82 3.7 0 0.2
951.1 16 78 2.6 0 1
950.8 16.9 75 3.2 0 1
950.3 17.9 73 2.6 0 1
949.8 17.8 73 3.1 0 0.8
949.3 17.2 74 3.9 0 0.7
949.3 17.2 74 2.5 0 0.9
949.2 16.9 76 2.9 0 0.8
949.5 16.2 79 3.8 0 0.2
950.2 15.6 83 4.6 0 0.4
950.3 15.3 85 4.1 0 0
950.5 15.3 85 4.6 0 0
949.3 16.3 91 2.1 0 0
949.9 16.1 93 1.6 0 0
950.2 16.8 91 1.6 0 0
950.2 18.3 85 1.4 0 0.9
950 18.8 82 1.9 0 0.9
949.1 18.9 81 1.8 0 0.7
948.1 20.1 77 2.7 0 0.9
947.3 20.1 75 2.9 0 1
946.8 19.5 78 2.5 0 1
946.6 19.5 76 2.8 0 1
946.8 18.9 80 3.1 0 1
947.1 17.9 84 2.6 0 0.9
947.4 17.3 86 2.2 0 0
947.7 17.2 85 2.1 0 0
947.3 16.8 83 2.1 0 0
947.8 17 82 1.9 0 0
948 17.8 79 1.7 0 0.2
948.4 19.2 73 1.2 0 1
948.1 20.5 73 1.9 0 1
947.6 20.8 71 1.7 0 1
946.4 22.3 66 1.3 0 1
945.7 21.8 70 1.8 0 1
945.2 21.8 66 0.8 0 1
945 21.2 70 2.5 0 1
945.4 19.4 75 2.5 0 1
946 18 81 2.7 0 0.5
946.8 17.5 83 1.9 0 0
947.2 17.6 83 1.6 0 0
947 14.8 89 1.1 0 0
947.4 14.1 90 1.2 0 0
947.9 15.3 94 0.6 0 0.2
948.4 17.7 87 0.5 0 1
948.5 19.6 81 1 0 0.9
948.1 19.9 80 0.4 0 0.6
947.5 21.2 78 1.2 0 0.3
946.9 20.9 74 1.4 0 0.3
946.8 20.7 74 1.2 0 0.6
946.8 20.3 71 2.5 0 0.8
947.1 19.2 72 2.8 0 1
947.9 17.4 81 3.6 0 0.9
948.3 17.2 82 4.7 0 0
948.9 17 85 4.6 0 0
951.7 15 89 2.2 0 0
952.3 14.9 91 2.6 0 0
953.4 15 90 2.3 0 0
954.1 14.3 94 1.9 0 0
953.9 13.8 94 1.4 1.5 0
953.6 14 88 2.4 0.5 0
953.2 14.6 86 4.8 0.5 0.3
952.6 15.1 84 4.3 0 0.2
952.6 14.2 85 2 0 0.1
952.8 14.1 85 2.8 0 0.1
952.8 13.8 87 2.5 0 0
953.5 13.7 88 2.6 0 0
954.1 13.8 88 2.4 0 0
954.4 13.8 82 2.3 0 0
953.1 14 91 2.3 0.5 0
953.5 14.1 93 2.2 1 0
954.1 14.2 93 2.6 0.5 0
954.2 14.3 94 1.9 1.5 0
954.2 14.2 93 2.3 1 0
953.8 14.7 95 2.4 0.5 0.1
952.9 14.9 94 2.8 1.5 0.1
952.1 14.9 95 2.1 2 0.1
951.9 15.1 95 3.1 1.5 0
951.5 15.6 94 3.4 1 0.7
951.6 14.8 95 3 1 0.2
952 14.5 95 3 1 0
952.2 14.6 96 4.5 1 0
952.6 14.8 96 3 0.5 0
951.6 15.3 95 2.3 2.5 0
951.9 15.4 95 2.5 2 0
952.3 15.6 95 1.2 1.5 0
952.3 15.7 97 1.5 2 0
951.8 16.4 97 1.9 1 0
951.5 16.1 98 1.3 1.5 0
950.8 16 96 1.7 1.5 0.1
949.5 15.8 95 4.8 0.5 0.1
948.9 16.1 94 4 0 0.5
948.4 16.1 93 3.6 0 0.7
948.1 15.4 93 6.5 0 0.4
948.4 15.2 90 6.6 0 0
948.6 15.3 93 6.8 0 0
949.1 15.5 95 5.8 0 0
948.2 15.6 96 4.5 0 0
948.8 15.7 96 3.1 0 0
949.4 16.1 93 4.3 0 0
949.8 17.2 88 3.6 0 0.9
949.7 17.6 87 4.4 0 1
949.3 19.4 79 2.8 0 0.9
948.8 20 76 1.3 0 0.6
948.2 18.3 82 2.3 0 0.3
948.2 18.7 78 2.2 0 0.2
948.2 17.9 69 2.2 0 0.3
948.2 18.1 72 1.1 0 0.8
948.6 16.8 75 1.1 0 0.7
949.2 15.9 85 2.3 0 0
949.6 15.8 94 4 0 0
951.5 14.8 76 6.6 0 0
952.4 14.6 80 4.9 0 0
952.8 15.3 74 5.1 0 0.1
953.2 16.1 72 4.8 0 1
953.1 17.3 65 4.4 0 1
952.5 18.2 64 3.4 0 1
951.7 18.4 60 3.6 0 1
950.8 18.4 63 3.5 0 1
950.5 18.1 63 3.3 0 1
950.2 18 64 2.2 0 1
950.1 17.2 67 2.3 0 1
950.6 15.8 72 3 0 0.8
950.6 15.5 75 3.4 0 0
950.8 15.6 75 3.1 0 0
950.2 17.4 73 0.8 0 0
951 17.6 75 0.7 0 0
951.5 18 78 0.5 0 0
951.9 18.9 80 0.9 0 0.2
951.4 19.8 78 1.1 0 0.2
951 19.5 85 0.3 0 0
950.6 20.2 83 0.2 0 0
950.4 20.4 76 0.6 0 0
950.2 20.7 75 0.7 0 0
950.1 17.7 95 1 0 0
950.5 17.3 89 0.9 0 0
950.5 17.4 92 0.8 0 0
950.6 17.3 88 1.2 0 0
951.2 17.9 82 1 0 0
952.4 17.3 98 1.3 7.5 0
952.9 16.1 97 3.4 5 0
953.2 15 96 5.5 1 0
953.3 14.5 97 8.3 0 0
953.6 15 96 7.4 0.5 0
953.3 15.3 97 4.1 0.5 0
952.6 15.2 97 5.7 0.5 0
952.2 15.7 98 2.8 1.5 0
951.8 15.4 97 3.5 2 0
951.8 15.1 97 4.3 2.5 0
952.3 14.9 97 5.3 1.5 0
952.7 14.8 98 5 2 0
953 14.4 98 5.8 1.5 0
953.5 14.5 98 4.1 1 0
953.5 12.8 97 6.6 1.5 0
953.7 12.6 97 7.8 1 0
954.4 12.6 97 6.9 0.5 0
954.4 12.6 97 7.3 0.5 0
955 12.7 97 6.6 1 0
954.5 12.4 97 6.6 0.5 0
953.6 12.3 98 6.8 0.5 0
953 12.1 97 7.1 0.5 0
952.4 11.6 98 6.5 0 0
952.8 11.4 98 6.6 0.5 0
953.3 11.3 98 6.7 0 0
953 11.1 98 4.9 1 0
953.4 10.9 98 6 0 0
953.9 10.9 98 4.8 0.5 0
953.5 11.6 99 5.1 0.5 0
953.6 11.9 99 5 0 0
953.8 12.1 97 6.1 0 0
954.3 12.5 97 6 0 0
954.1 12.7 96 6.2 0 0
952.5 14.5 89 4.7 0 0.5
952.1 14.6 90 5.1 0 0.5
951.7 14.1 92 5.4 0 0.8
951 14.2 93 5.7 0 0.5
951.2 14.1 95 4.5 0 0
951.5 13.9 97 3.9 0 0
951.7 13.9 97 4.5 0 0
951.9 13.6 97 6.1 0 0
952 13.7 97 5.6 0 0
951.4 15.1 96 6.2 0 0
952.3 14.9 97 4.3 0 0
952.3 14.8 97 6.6 0 0
952.7 14.7 97 6.3 0.5 0
952.6 15 97 6.9 0 0
952.1 15.4 96 7.1 0 0.2
951 16 93 6.3 0 0.6
950.3 16.4 93 5.7 0 0.6
950.4 16 95 5.5 0 0.1
950.2 15.6 94 5.7 0 0.1
949.9 15.2 96 5.7 0 0
950.6 15.1 96 5.7 0 0
950.9 15.1 96 4.7 0 0
951.2 15.3 97 5.8 0 0
947.6 16.1 99 3.4 5 0
948.6 15.7 99 0.6 7.5 0
948.9 16 99 0.4 4.5 0
948.8 15.9 100 0.4 4 0
948.6 16.1 100 0.6 7 0
948.1 17 100 0.6 3 0
947 16.6 100 0.7 3.5 0
946.6 16.8 100 0.9 2.5 0
945.7 16.5 100 0.2 3.5 0
945.5 16.8 100 0.5 3.5 0
945.9 16.3 100 1.1 1 0
946 16.3 100 1 1.5 0
946.2 16.3 100 0.8 1 0
946.3 16.3 100 0.2 0 0
946.4 15.4 98 2.4 0 0
947 15.3 97 1.8 0 0
947.5 15.5 97 2.3 0 0
947.8 15.5 97 1.5 0 0
947.6 16.1 96 2.4 0 0
946.7 16.1 94 3.2 0 0
945.7 16.2 92 2.2 0 0
945 15.6 92 1.8 0 0
944.9 14.9 94 3.4 0 0
945 14.5 94 3.7 0 0
945.5 14.3 94 2.6 0 0
945.8 14.3 95 2.9 0 0
946.2 14.5 96 3.2 0 0
946.6 14.3 99 1.3 0 0
946.4 15.1 97 1.3 0 0
947 14.9 99 0.4 0 0
947.8 15.1 99 0.5 0 0
948.1 15.7 100 1.1 0 0
947.7 14.9 100 3.2 0 0
947.4 15.2 100 0.6 0 0
946.7 15.2 100 0.9 0 0
946.3 15.1 99 0.7 0 0
946 15.3 99 0.4 0.5 0
946.8 14.9 100 0.6 0 0
946.4 14.2 100 2 0.5 0
947.2 13.5 89 3 0 0
947.3 12 82 2.6 0 0
947.9 11.9 92 0.9 0 0
948.8 12.7 87 1 0 0
949.4 13.8 78 1.8 0 0
949.7 14.2 76 1.9 0 0.1
950.3 15.1 75 2 0 0.6
950.3 15.2 71 2 0 0.3
949.5 16.6 67 1.7 0 0.5
948.6 16.9 64 2.2 0 1
947.8 17 65 2.5 0 1
947.4 16.8 65 2 0 1
947.2 16.5 64 2.1 0 1
947.3 15.7 69 2.2 0 1
947.5 14.3 74 2.2 0 0.8
947.9 14 75 2.1 0 0
948.3 14.1 75 2.5 0 0
947.7 14.5 88 0.8 0 0
948.2 14.1 91 0.8 0 0
948.7 14.9 90 0.5 0 0.1
949.1 16.4 84 0.7 0 1
948.9 18.3 77 1 0 1
948.4 19.9 72 1 0 1
947.6 20.5 71 1.7 0 1
946.7 21 71 1.5 0 1
946.1 21.3 72 1.4 0 1
946.2 20.7 75 1.4 0 1
946.5 19.6 79 0.9 0 0.9
946.9 17.9 89 0.3 0 0.4
947.2 16.6 89 0.4 0 0
947.6 16.1 91 1 0 0
946.8 17 85 1.3 0 0
947.8 16.8 81 0.4 0 0
948.5 17.1 84 0.2 0 0
949 17.9 80 0.3 0 0.5
948.5 19.4 82 0.9 0 1
947.8 21 73 0.6 0 0.8
947.1 21.6 59 0.4 0 0.1
946.5 21.8 62 1.6 0 0.4
946 21.4 59 0.7 0 0.5
945.8 22.4 59 1.4 0 1
945.9 20.9 70 0.2 0 0.8
945.9 19.3 78 0.3 0 0.6
946.4 18.1 86 0.9 0 0
946.5 18.2 81 1.3 0 0
946.9 18.3 88 0.3 0 0
947.2 18.8 84 0.8 0 0
947.8 19.1 86 0.3 0 0.1
948.2 19.9 85 0.3 0 1
948.1 21.9 81 1.1 0 1
947.3 23.3 71 1.2 0 1
946.3 23.5 72 1.2 0 1
945.4 24 74 1.4 0 1
944.8 23.6 78 0.9 0 0.8
944.5 22.8 76 0.6 0 0.1
944.6 23.3 77 0.9 0 0.8
944.9 22.2 73 0.3 0 0.9
945.4 20.6 83 0.8 0 0
945.8 20.7 81 0.7 0 0
946.3 19 94 0.3 0 0
946.5 19 95 0.3 0 0
947.2 19.8 92 0.5 0 0
947.7 20.6 95 0.6 0 0.1
947.9 21.6 92 1.3 0 0.1
947.3 22.9 88 1.4 0 0
946.3 23.2 88 1.2 0 0.2
945.5 24.2 80 0.9 0 0.4
945 23.2 83 0.5 0 0.1
945.1 23.3 81 0.4 0 0
945.4 22.3 87 0.3 0 0
945.7 21.6 88 0.3 0 0
946.4 21.3 87 0.4 0 0
946.9 21.2 85 0.8 0 0
947.6 17 97 6 0 0
948.4 16.8 97 5.3 0 0
948.9 16.8 96 5.1 0 0
949.8 17.1 95 5.8 0 0
950.3 17 96 5.7 0 0
949.9 16.7 96 6.1 0 0
949.6 16.1 96 6.5 0.5 0
948.9 15.9 96 6.2 0.5 0
948.5 15.4 96 6.5 0 0
948.5 15 97 6.7 0 0
949.1 14.6 97 7 0.5 0
949.3 14.5 97 6.3 0 0
950 14.4 97 7.3 0 0
950.9 14.4 97 6.5 0.5 0
951.5 14.3 98 6.2 0 0
951.4 14.6 97 4.5 0.5 0
951.9 15.2 96 5.5 0 0
952.5 15.6 96 4.2 0 0
952.6 16.4 95 4.8 0 0.1
952.2 18.2 87 2.9 0 0.3
951.5 18.7 86 4.2 0 0.5
950.9 18.9 87 3.3 0 0.4
950.4 19.2 82 1.8 0 0.2
950.4 19.5 81 1.9 0 0
950.3 18 90 3.1 0 0
950.9 17.9 91 2 0 0
951.2 17.8 92 2 0 0
951.5 18.1 90 1.7 0 0
950.9 16.9 93 1.1 0 0
950.9 16.7 94 1.1 0 0
951.3 17.5 94 0.2 0 0.1
951.9 19 90 0.6 0 0.9
951.9 21.8 84 2 0 1
951.6 23.1 80 1.9 0 1
950.8 23.1 79 1.6 0 0.9
949.8 22.6 81 1.1 0 0.4
949.1 21.6 89 0.3 0 0.2
948.7 23.1 79 1.3 0 0.5
948.7 22.5 80 1.2 0 1
949 21.4 88 0.3 0 0.9
949.5 19.6 94 0.5 0 0
949.8 19.3 95 0.9 0 0
948.5 16.9 93 0.6 0 0
949 18 91 0.7 0 0
949.2 18.5 92 0.3 0 0
949.5 19.3 84 0.7 0 0.9
949.5 21.1 77 1.6 0 1
949 22.4 73 1.7 0 1
948.1 23.3 73 2.4 0 1
947.2 23.4 69 2.3 0 1
946.9 23.4 66 2 0 1
946.9 22.1 71 1.2 0 0.3
947 21.8 67 0.8 0 0
947.4 21.1 70 0.9 0 0.5
947.7 19.3 82 0.9 0 0
948 18.9 84 1 0 0
950.4 13.4 96 7.7 1.5 0
951.4 11.7 96 7 2 0
952.8 10.2 96 6.9 1.5 0
954 10 96 5.1 1.5 0
954.4 10 97 5.2 1.5 0
954.6 10.2 96 5 1.5 0
953.7 10 96 4.8 2.5 0
953.4 10.1 96 4.9 1.5 0
953.5 9.7 96 4.3 3 0
954 9.3 96 3.5 2 0
954.5 8.4 96 2.2 2 0
955.2 8 96 3.1 1.5 0
955.9 7.4 97 4 1.5 0
956.2 7.4 97 3.2 1 0
