1017.9 20.7 88 0.3 0 0
1018.6 22.7 83 0.3 0 0
1019.1 22 95 0.4 2 0
1019.6 23.3 91 1.2 0 0
1019.9 23.2 91 1.4 0 0.1
1019.3 22.9 89 1.5 0 0
1018.6 22.9 85 2 0 0
1018.2 22.4 84 3 0 0
1017.9 21.4 92 2.6 0 0
1017.9 21.2 91 1.2 0 0
1018.2 21.2 87 1.8 0 0
1018.5 21 86 2.6 0 0
1019.8 19.3 94 2 0.5 0
1020.9 18.3 94 2.3 1 0
1021.7 16.3 73 1.4 0 0
1022.2 16.6 64 1.6 0 0
1022.3 17.2 60 2.8 0 0.4
1022.5 18.3 52 3.3 0 1
1022.5 19.2 48 3.2 0 1
1021.6 19.3 47 3.6 0 1
1020.8 19.8 45 3.2 0 1
1019.5 19.7 46 3.6 0 1
1019.1 19.1 46 3 0 1
1019.1 18.4 49 3.6 0 1
1019.2 17.9 50 3.3 0 1
1019.6 16.9 56 2.2 0 0.1
1019.9 16.1 56 2 0 0
1020.3 15.6 57 1.9 0 0
1021.3 15.1 53 2 0 0
1021.9 15.1 55 1.7 0 0.2
1022.4 16.8 49 2.7 0 1
1022 18.3 44 4 0 1
1021.6 19.2 41 3.5 0 1
1020.9 19.7 41 4.4 0 1
1019.7 20.7 41 3.9 0 1
1018.7 20.1 42 4.8 0 1
1018 19.5 42 4.7 0 1
1017.7 19 44 5.1 0 1
1018.1 17.9 45 4.4 0 1
1018.4 17.1 47 2.3 0 0.1
1018.7 16.5 53 2 0 0
1019.3 16.3 55 2.3 0 0
1018.2 12.7 81 0.2 0 0
1018.7 12.9 78 0.4 0 0.1
1019 15.4 66 0.5 0 1
1018.8 18.5 62 1.4 0 1
1018.2 21.3 50 2.3 0 1
1017.8 22.7 48 3.1 0 1
1016.6 23 52 3.3 0 1
1015.5 23.4 52 2.9 0 1
1015 22.1 60 3.7 0 1
1014.8 21.7 62 3.1 0 1
1015 20.8 66 3.3 0 1
1015.2 20.1 70 2.1 0 0.1
1015.6 19.1 76 0.9 0 0
1016.4 19.2 67 1.3 0 0
1015.6 14.1 88 0.3 0 0
1016.1 14.9 85 0.2 0 0.1
1016.4 17.9 73 0.3 0 1
1016.3 19.9 68 0.8 0 0.6
1015.8 23.3 56 2.6 0 1
1015.1 25.1 50 1.7 0 1
1014.7 25.3 48 1.2 0 0.6
1013.9 25.7 49 1.8 0 0.8
1013.3 24.6 52 2.6 0 0.7
1013.4 24.3 54 2.9 0 0.8
1013.9 23.1 56 3 0 1
1014.6 21.9 60 2.4 0 0.1
1014.9 21.2 63 1.5 0 0
1015.2 20.8 65 1.5 0 0
1015.1 16.4 87 0.9 0 0
1015.8 16.9 85 0.8 0 0.1
1015.9 18.5 78 0.8 0 1
1015.8 21.5 63 0.7 0 1
1015.4 23.5 59 1 0 1
1014.1 25.2 54 0.7 0 1
1012.9 26 51 0.9 0 1
1011.7 26.6 57 1.6 0 0.8
1011.1 25.6 62 2.3 0 0.7
1010.9 25.1 64 2 0 1
1010.7 24.6 67 2.5 0 1
1010.9 24.3 62 1.8 0 0.1
1011.2 23.2 64 1.7 0 0
1011.8 22.3 68 1 0 0
1013 16.5 85 1.2 0 0
1013.3 17.4 80 1.1 0 0.1
1013.5 19.4 70 0.8 0 1
1013.9 21.8 58 0.6 0 1
1013.8 24 55 1 0 1
1013 25.1 52 0.8 0 1
1012.1 24.9 67 2.9 0 1
1011.2 25.1 62 1.2 0 1
1010.6 24.5 63 2.2 0 1
1010.4 24.6 67 1.7 0 1
1010.4 24.3 65 2.2 0 1
1011.1 23.9 66 1.7 0 0.1
1011.5 22.9 73 0.7 0 0
1012.1 22.3 76 0.9 0 0
1012.9 16.8 87 0.9 0 0
1013.2 17.1 84 0.6 0 0.1
1013.7 19 71 1.1 0 1
1013.9 22.2 62 0.9 0 1
1013.9 23.9 60 0.5 0 1
1013.2 25.1 61 0.5 0 1
1012.6 27 46 1.7 0 1
1012 26.6 60 2.8 0 1
1011.8 25.5 63 2.3 0 1
1011.8 25.1 62 2.9 0 1
1012 24.2 67 2.6 0 1
1012.7 22.9 71 3.2 0 0.1
1013 22.2 76 2.7 0 0
1013.6 21.7 77 2.1 0 0
1015.4 20.5 65 3 0 0
1016.6 20.5 68 2.9 0 0
1017.2 21.2 66 3.3 0 0.8
1017.5 22.2 61 4.9 0 1
1017.8 22.7 60 5.5 0 1
1017.3 22.7 58 4.9 0 1
1017 22.7 55 5.4 0 1
1016.3 22.5 56 4.4 0 1
1016.2 21.7 59 4.1 0 1
1016.3 20.9 61 6.3 0 1
1016.5 20.4 63 4 0 1
1017.1 19.9 65 4.3 0 0.1
1017.6 19.6 64 4.7 0 0
1017.7 19.5 64 4.4 0 0
1017.2 19.3 74 3.3 0 0
1017.9 19.4 73 2.4 0 0
1018.2 20.7 67 3.8 0 1
1018.2 21.9 64 3.4 0 1
1018 22.8 61 4.2 0 1
1017.5 23.6 58 4.4 0 1
1016.7 23.9 56 3.7 0 1
1016.2 23.9 57 4.9 0 1
1015.9 23.3 60 3.7 0 1
1015.8 22.3 63 4.5 0 1
1015.8 21.9 65 2 0 1
1016.3 20.8 71 2.8 0 0.1
1016.7 20 76 2.6 0 0
1017.2 19.8 78 2 0 0
1017.8 19.2 90 2.2 0 0
1017.9 19 90 1.5 0 0
1018.1 19.7 86 2.9 0 0.3
1018 21.2 76 3.6 0 1
1017.4 20.9 78 4.1 0 0.2
1016.6 21.3 77 4.9 0 0.4
1015.7 21.2 77 3.7 0 0.2
1014.5 21.6 73 3.6 0 0.1
1013.9 21.6 73 5 0 0
1013.4 21.5 73 3.9 0 0
1013.4 21.1 73 2 0 0
1013.8 20.8 73 0.8 0 0
1014.3 20.6 74 2.4 0 0
1014.9 20.7 74 1.7 0 0
1014.3 18.7 91 0.9 0 0
1014.8 19.3 89 0.2 0 0
1015.1 20.4 84 0.5 0 1
1015.4 22.4 75 2.6 0 0.6
1015.3 23.6 70 2.6 0 0.5
1014.8 25.1 63 2.9 0 0.8
1014.1 25.1 64 2.5 0 0.8
1013.5 25 63 2.6 0 0.6
1013.4 24.8 60 2.7 0 0.7
1013.4 24.7 51 2.8 0 0.7
1013.4 24.5 50 2.2 0 0.7
1013.7 23.2 65 2.5 0 0.1
1014.4 21.2 80 2.4 0 0
1014.8 20.5 83 1.3 0 0
1016.5 20 75 2.7 0 0
1017.1 20.5 66 3.3 0 0
1017.3 21.6 55 3.5 0 1
1017.5 23.1 48 2.9 0 1
1016.9 24.8 41 2.9 0 1
1015.8 25.4 39 3.9 0 1
1014.7 26.6 33 3.7 0 1
1013.2 27.7 27 4.4 0 1
1012.1 27.8 26 2.9 0 1
1011.8 26.7 30 3.9 0 1
1011.9 25.6 36 3.3 0 1
1012.5 23.6 44 2.5 0 0.1
1013.2 22.6 46 1.4 0 0
1013.8 21.9 49 2.1 0 0
1015.3 21 58 1.5 0 0
1016.1 20.9 62 1.3 0 0
1016.5 21.7 61 1.3 0 0
1016.9 23.7 56 0.5 0 0.3
1016.5 25.8 52 1.3 0 0.2
1016.6 25.8 55 1.2 0 0
1016.2 25.1 60 1.5 0 0
1015.8 24.8 61 1 0 0
1015.3 25.3 60 1 0 0.1
1015.3 25.8 55 0.4 0 0
1014.8 25.3 51 2.3 0 0.1
1014.9 24.8 52 1.9 0 0.1
1015.7 24.2 57 0.7 0 0
1016.2 23.6 77 1.2 0 0
1017.2 21.3 74 0.7 0 0
1017.4 21.9 78 2.3 0 0
1017.9 21.3 85 4 0 0
1018.2 21.1 79 3.1 0 0
1018.2 21.7 71 4.7 0 0
1017.6 22.7 66 4.8 0 0.7
1017.3 23 67 4.6 0 0.6
1016.5 22.2 71 3.2 0 0.1
1016.2 21.5 76 3.2 0 0
1016.5 21.1 76 3.9 0 0
1016.9 20.1 82 4.3 0 0
1017 19.6 85 3.9 0 0
1017.1 19.9 83 4.3 0 0
1017.6 20.2 78 4.3 0 0
1019.6 17.1 92 4.4 0 0
1019.9 17.1 89 3.3 0 0
1020.4 17.4 85 3.3 0 0
1020.3 17.8 83 3.8 0 0
1020.6 18 81 5.6 0 0
1020.3 18 80 4 0 0
1019.9 18 81 3.2 0 0
1018.8 18 77 3.8 0 0
1018.5 17.6 79 4.6 0 0
1018.2 17.2 79 4.9 0 0
1018.8 16.9 80 4.2 0 0
1018.7 17 77 3.6 0 0
1018.7 17.1 77 2.7 0 0
1019 16.6 79 4.8 0 0
1019.6 16.3 86 1.8 0 0
1020 16.7 85 2.1 0 0
1020.1 17 84 2.6 0 0
1020.8 18 78 3.3 0 0
1020.5 19 74 2.2 0 0
1018.7 20.6 69 3 0 0.3
1018.1 21.1 66 3 0 0.2
1017.9 20.4 68 3.3 0 0.1
1017.2 20.5 69 3 0 0
1017 20.4 71 1.9 0 0
1016.8 19.6 72 3.5 0 0.2
1017.3 19.1 75 2.7 0 0
1017.3 18.7 81 2.4 0 0
1017.8 18.8 83 2.2 0 0
1017.6 19.3 88 1.5 0 0
1018.1 19.4 88 1.9 0 0
1018.4 19.3 88 2 0 0
1018.6 19.3 87 2.9 0 0
1018.7 19.9 84 2.8 0 0
1018.1 20.2 82 2.4 0 0
1016.7 21.7 73 3.3 0 0
1016.4 21.4 76 3.7 0 0.3
1016.7 20.2 81 3.7 0 0
1015.8 19.7 84 3 0 0
1016 19.9 83 3.2 0 0
1016.7 19.4 87 2.7 0 0
1016.3 19.3 87 2.5 0 0
1016.5 19.3 87 2.1 0 0
1014.1 18.8 98 0.9 6 0
1014.6 18.8 99 0.4 2.5 0
1015.1 19 99 0.9 3 0
1015.7 19.2 99 0.9 4.5 0
1015 19.7 99 0.7 3.5 0
1014.3 19.7 99 0.3 2 0
1013.3 19.9 98 0.6 4 0
1012.4 20 99 0.9 3.5 0
1011.9 20.3 99 1 3.5 0
1011.5 20.2 99 0.8 1 0
1011.9 19.7 99 0.8 0.5 0
1012.4 19.9 99 0.3 4 0
1012.5 19.4 99 0.6 3 0
1012.3 19.5 99 0.4 0.5 0
1013.1 18.8 99 0.3 0.5 0
1013.6 18.8 99 0.5 0.5 0
1013.9 18.9 99 0.8 0 0
1014.1 19.5 96 1.1 0 0
1013.8 20.3 89 1.5 0 0
1013 19.9 85 2.6 0 0
1011.7 20.1 86 1.5 0 0
1011.1 19.7 85 2.4 0 0
1011 19.6 83 2.1 0 0
1011.2 19.6 80 1.8 0 0
1011.5 19 82 2.1 0 0
1011.8 18.9 81 2.2 0 0
1012.2 18.7 83 1.6 0 0
1012.4 18.6 83 1.2 0 0
1012.6 18.8 94 1 0 0
1013.4 18.8 96 0.2 0 0
1014.3 18.9 95 0.7 0 0
1014.6 18.9 95 0.4 0 0
1014.3 19.4 92 0.8 0 0
1014.1 19.2 87 2.5 0 0
1013.8 19 86 1.3 0.5 0
1013.3 18.6 91 0.3 0 0
1012.6 18.5 91 0.8 0.5 0
1013.5 18.5 91 1.2 0.5 0
1013.2 18.3 91 1 0 0
1013.6 18.1 93 0.7 0.5 0
1014.2 18 93 1 0 0
1014.4 18 93 1.1 0 0
1014 17.9 67 1.5 0 0
1014.5 18.1 67 1.8 0 0
1014.6 19.5 61 2.1 0 1
1014.7 20.9 56 3.5 0 1
1014.5 22.1 51 3.5 0 0.7
1013.8 22.8 49 2.9 0 1
1013.1 23.3 50 3.3 0 1
1012.2 23.6 48 2.8 0 1
1011.8 23.1 49 2.7 0 1
1011.6 22.7 50 2.9 0 1
1011.6 22.4 53 2.7 0 1
1012 21.1 57 1.6 0 0.2
1012.7 20 59 1.9 0 0
1013.1 19.1 63 0.8 0 0
1013.4 17 86 0.9 0 0
1013.9 17.1 84 1.2 0 0
1014.4 18.6 76 0.9 0 1
1014.9 20.8 68 1.2 0 1
1014.7 23.4 63 0.9 0 1
1014.1 24.1 63 0.8 0 1
1013.3 24.1 62 1.8 0 1
1012.2 24.4 62 1.7 0 1
1011.9 23.2 65 2.3 0 1
1011.9 22.8 69 1.8 0 1
1012 22.3 76 0.9 0 1
1012.3 21.6 79 1.8 0 0.2
1012.6 20.9 84 1 0 0
1013.1 20.2 86 1.2 0 0
1012.8 17.6 90 0.4 0 0
1014.1 18.2 89 0.4 0 0
1014.6 19 83 0.7 0 0.5
1014.9 20.5 81 0.9 0 0.7
1013.9 23 77 0.5 0 1
1013.3 24.5 68 0.7 0 0.7
1012.1 26.8 51 1.2 0 0.5
1011.2 26.4 63 1.1 0 1
1010.8 26.3 56 1 0 1
1010.6 25.7 62 0.8 0 1
1010.7 24.4 71 1.3 0 1
1010.9 22.9 76 1.4 0 0.2
1011.5 22.3 86 1.4 0 0
1011.6 21.8 86 1.1 0 0
1012.2 19.3 91 0.5 0 0
1012.7 19.1 91 1 0 0
1013.2 19.6 90 1.1 0 0.1
1013.2 21.9 81 0.7 0 0.7
1012.9 24.6 80 0.6 0 0.9
1011.9 26.9 70 2.6 0 1
1010.6 28 65 1.9 0 1
1009.6 27.7 69 2.4 0 1
1008.9 27.8 66 1.7 0 1
1008.6 27.5 68 2.4 0 1
1008.7 27 67 1.5 0 1
1009.2 25.6 77 0.8 0 0.2
1009.9 24.1 85 1.8 0 0
1010.4 23.5 89 1 0 0
1011.5 21.8 93 0.2 0 0
1012.1 22.1 92 0.4 0 0
1012.5 23.2 90 0.6 0 0.5
1012.8 24 89 0.3 0 0.3
1012.8 25.4 81 0.3 0 0.1
1012.2 26.4 76 1.2 0 0.2
1010.8 27.5 63 0.9 0 0.7
1010.1 28.3 62 1.4 0 1
1009.5 28 63 1.3 0 0.4
1009.3 27.9 63 1.5 0 0.3
1009.7 27.5 65 0.8 0 0.3
1010 26.7 67 0.6 0 0
1010.8 25.7 72 0 0 0
1011.3 25.1 80 0.9 0 0
1013.1 21.2 95 2.1 0 0
1013.6 20.9 94 1.9 0 0
1014.2 21.2 92 1.8 0 0
1015 22.6 85 2.9 0 0.9
1015.4 22.8 82 3.3 0 0.1
1015.3 21.8 84 3.4 0 0
1014.9 21.6 84 2.7 0 0
1014.4 21.1 84 3.9 0 0
1013.9 21 82 3.9 0 0.1
1013.9 20.7 82 3.1 0 0
1013.9 20.4 82 3.1 0 0.2
1014.3 20.8 75 2.8 0 0
1015 20.2 77 3.2 0 0
1015.5 19.7 81 3 0 0
1016.6 19.4 81 2.5 0 0
1016.9 19.6 81 2.3 0 0
1017.3 20.2 79 1.7 0 0
1017.4 22 72 1.5 0 0.7
1017.7 22.9 70 2.6 0 1
1017.3 23.8 68 2.4 0 0.8
1016.5 24.3 67 2.1 0 0.3
1016 24.5 68 2.7 0 0.2
1015.5 24.6 68 3 0 0.2
1015.4 24.5 69 2.1 0 0.1
1015.4 23.5 76 2.3 0 0.1
1015.7 23.2 76 1.1 0 0
1015.9 22.6 79 1.7 0 0
1016.1 22 83 2.1 0 0
1016.5 18.5 94 0.7 0 0
1016.5 18.5 94 0.3 0 0
1016.9 19.9 87 1.1 0 0.9
1017.3 22.1 80 0.5 0 1
1017.3 24.6 76 1.2 0 1
1016.8 26 67 1 0 1
1015.9 26.9 69 1.2 0 1
1015 26.3 71 1.7 0 1
1014.1 26.4 69 1.5 0 1
1013.7 25.9 72 1.3 0 1
1013.7 25.2 74 2.1 0 1
1013.8 24.2 83 0.4 0 0.2
1014.6 23.2 90 0.6 0 0
1015 22.9 91 0.5 0 0
1014.5 20 89 0.5 0 0
1014.6 20.5 90 0.8 0 0
1014.9 21.4 90 0.8 0 0.1
1014.9 23.2 81 1.1 0 1
1014.6 25.4 68 1 0 1
1014 27.3 58 1 0 1
1012.9 27.7 55 1.3 0 1
1011.9 28.4 52 1.6 0 1
1011.7 27.2 57 1.5 0 1
1011.5 26.9 59 1.1 0 1
1011.7 26.1 65 0.5 0 0.2
1012.3 25.5 70 0.5 0 0
1012.4 25.4 69 0.7 0 0
1012.6 24.2 77 1.4 0 0
1016.2 19.2 89 3.6 0 0
1017.8 17.4 89 5.1 0 0
1019.2 15.8 88 4.9 0 0
1020.3 15.2 86 4.5 0 0
1020.9 15.1 83 5.6 0 0
1021.1 15.3 80 4.4 0 0
1020.7 15 83 5.1 0 0
1020.3 15.6 79 4.7 0 0
1020.3 15.1 83 5 0 0
1020.7 14.5 84 4.9 0 0
1021.2 13.6 88 4.8 0 0
1021.7 13.6 84 4.2 0 0
1022.4 13.3 80 4.1 0 0
1022.3 13 78 4.3 0 0
