1019 22.6 80 1.2 0 0
1019.8 22.1 85 2.8 0 0
1020.1 22.1 89 1.7 0 0
1020.5 23.4 85 1.5 0 0
1020.7 23.8 87 1.5 0 0
1020.5 22.3 89 3.7 0 0
1020 21.4 87 3.4 0 0
1019.5 20.8 90 3.2 0 0
1019.4 19.9 98 2.7 3 0
1019.3 19.8 98 2.5 0.5 0
1019.8 19 96 4.5 0.5 0
1020.2 18.5 94 4 0 0
1021.2 18.1 90 3.8 0 0
1022.3 17.1 94 2.1 0 0
1023.5 15.7 68 1.7 0 0
1024 15.2 73 0.7 0 0
1024.2 16.7 68 1.2 0 0.3
1024.5 17.5 57 2.5 0 0.7
1024.4 18.5 50 2.4 0 0.8
1023.7 18.5 49 3.7 0 0.9
1022.7 19 48 4.2 0 1
1021.7 18.9 45 3.6 0 1
1021.3 19.5 45 3.3 0 1
1021.3 18 50 2.2 0 1
1021.6 17.2 52 1.5 0 1
1022 15.4 61 1.3 0 0.8
1022.2 13.3 73 0.4 0 0
1022.5 12.5 76 0.7 0 0
1023.5 12.4 85 2.6 0 0
1024.1 12.7 82 3 0 0.3
1024.6 14.8 76 3.1 0 1
1024.3 16.8 66 2.1 0 1
1024.1 19.3 46 2.6 0 0.8
1023.5 19.4 42 4.2 0 1
1022.5 18.9 42 3.6 0 1
1021.6 19.9 40 3.1 0 1
1021.1 18.9 44 3.8 0 1
1020.9 18.3 41 3.3 0 1
1020.9 17.3 48 3.5 0 1
1021.1 16.3 56 2.4 0 0.7
1021.7 15.4 59 1.7 0 0
1022.5 14.6 65 0.8 0 0
1020.3 12.7 87 1.2 0 0
1020.9 13.9 81 1.7 0 0.3
1021.1 16.2 74 1.9 0 1
1020.9 17.9 71 2 0 1
1020.3 19.9 65 1.7 0 1
1019.6 22.3 55 1.6 0 0.9
1018.4 22.5 49 1.6 0 0.7
1017.3 23.7 49 1.9 0 1
1016.8 22.8 60 3.1 0 1
1016.4 21.7 64 4.5 0 1
1016.5 21 61 3.6 0 1
1017.1 19.7 66 1.7 0 0.7
1017.6 17.5 81 1 0 0
1018.2 16.8 83 0.9 0 0
1017.6 18.5 70 3 0 0
1018.4 19.1 67 2 0 0.3
1018.6 20.4 63 1.3 0 0.9
1018.5 21.4 59 1.8 0 1
1018.2 22.7 57 2 0 1
1017.6 22.9 56 2.4 0 1
1017.1 23.1 57 2.3 0 0.6
1016.5 22.8 56 2.9 0 0.5
1016.2 22 58 2.5 0 0.3
1016.2 21.8 59 3.6 0 0.1
1016.7 21.7 61 3.5 0 0.5
1017.1 21 62 2.3 0 0.4
1017 20.8 64 2.9 0 0
1017.5 20.8 64 2.2 0 0
1016.7 18.9 87 0.7 0 0
1017.2 19.9 84 0.8 0 0
1017.3 22.1 76 0.8 0 0.9
1017.3 24.1 60 1.6 0 0.7
1016.9 25.3 58 1.6 0 1
1015.8 25.9 56 2.2 0 1
1014.6 26.6 54 1.7 0 1
1013.7 26.5 56 1.2 0 1
1013.1 25.7 53 2.1 0 1
1012.9 25.6 54 1 0 1
1013.1 24.6 56 1.2 0 1
1013.3 23.1 65 2.7 0 0.7
1013.6 22.9 63 3.5 0 0
1013.9 23 62 3.2 0 0
1014 19 83 1.2 0 0
1014.5 20.2 77 0.9 0 0.3
1014.6 22.4 71 1.5 0 1
1015 25 57 1.8 0 1
1014.8 25.9 53 2.1 0 1
1014 26.7 53 2.3 0 1
1012.7 27.2 51 2.6 0 1
1011.9 27.4 53 2.1 0 1
1011.2 27.5 55 1.9 0 0.9
1011.2 26 59 1.5 0 0.9
1011.6 24.8 60 0.9 0 0.6
1012.4 23.2 69 1.2 0 0.6
1013.2 21.7 73 0.6 0 0
1013.7 23.1 62 1.9 0 0
1014.2 17.7 92 1.3 0 0
1014.6 18.7 86 1.4 0 0.2
1015.1 20.8 79 2.2 0 1
1015.6 22 73 1.9 0 1
1015.6 23.5 67 2 0 1
1014.8 24.6 75 1.1 0 1
1014.1 26 66 1.8 0 1
1013.5 26.4 65 3.4 0 1
1013.2 26.6 62 3.3 0 1
1013.4 25.4 64 3.6 0 1
1013.7 23.5 66 4.5 0 1
1014.8 22 71 3.3 0 0.6
1015.3 21.4 74 2.1 0 0
1016.1 20.9 74 0.9 0 0
1019.7 20.5 68 2.7 0 0
1020.4 20.4 69 3.3 0 0
1020.6 20.6 69 2.3 0 0
1021.1 20 71 4.7 0 0
1021.8 19.7 71 2.4 0 0
1021 20.2 62 3.2 0 0
1020.7 20.3 65 3.6 0 0
1020.1 20.1 63 4.3 0 0
1020.3 19.9 65 2.7 0 0
1020.3 19.8 63 3.2 0 0
1020.7 19.6 65 2.3 0 0
1021.3 19.3 66 2.1 0 0
1022.3 19.1 67 1.9 0 0
1022.8 19.3 65 1.7 0 0
1021 19.5 69 2.1 0 0
1021.5 20 68 2.2 0 0
1022 19.8 72 1.5 0 0
1022.1 20.2 70 2.3 0 0
1021.9 21.4 64 1.4 0 0.1
1021.4 21.3 69 1.4 0 0
1020.3 21.6 67 1.8 0 0
1019.9 20.5 76 3 0 0.1
1019.3 20.2 77 3.8 0 0
1019.2 20.3 76 3.5 0 0
1019.3 20.2 76 2.3 0 0
1019.6 19.4 80 2.7 0 0
1020.2 19.3 81 2.8 0 0
1020.4 19.5 79 1.8 0 0
1019.8 18.2 98 2.7 0.5 0
1020.1 18.1 97 2.7 0 0
1020.4 18.8 95 2.1 0 0
1020.4 19.1 94 2.3 0.5 0
1020 19.6 91 2.3 0 0
1019.5 19.3 93 2.5 0 0
1018.6 19.9 88 1.1 0 0
1017.2 20.5 82 3.3 0 0
1016.5 20.8 79 3.9 0 0
1016.2 20.6 79 3.6 0 0
1016 20.3 77 3.8 0 0
1015.9 20.2 76 2.8 0 0
1016.3 20.4 73 2.5 0 0
1016.8 20.5 75 1.3 0 0
1016.1 17.6 98 0.9 0 0
1016.6 17.6 98 0.8 0 0.1
1017.1 19.1 95 0.3 0 0.2
1017.3 20.6 84 0.9 0 0.9
1017 22.5 78 1.1 0 1
1016.5 23.5 73 1.3 0 0.8
1015.8 24.6 68 2.4 0 0.9
1015.2 24.5 68 2 0 0.7
1015.1 24.9 63 2.5 0 0.7
1015.1 24.2 47 2.1 0 0.3
1015.3 22.6 66 1.1 0 0.5
1015.8 20.8 81 1.9 0 0.3
1016.6 19.6 82 1.9 0 0
1017.2 18.9 83 1.2 0 0
1019.8 15.7 94 0.7 0 0
1020.6 15.9 92 0.9 0 0.1
1021.2 18.5 82 0.5 0 1
1021.3 20.9 64 1.1 0 1
1020.9 23.2 49 3.5 0 1
1019.8 23.7 44 6.5 0 1
1018.8 24.4 43 5.9 0 1
1017.9 24.1 44 6.3 0 1
1017.1 23.8 44 4.9 0 1
1016.4 23.7 45 5.3 0 1
1016.5 22.5 48 5.3 0 1
1016.8 21.8 47 4.7 0 0.7
1016.8 21.2 54 4.3 0 0
1017.1 21.6 53 5.8 0 0
1017 22 62 3.9 0 0
1017.7 22.2 62 3.2 0 0
1018.4 22.6 61 3.5 0 0
1018.3 23.8 60 4.3 0 0
1018.2 24.8 59 3.6 0 0
1017.8 24.7 61 2.4 0 0
1017.2 24.8 64 0.4 0 0
1017 24.1 69 0.5 0 0
1016.7 24.2 66 0.8 0 0
1016.5 23.6 70 2.5 0 0
1016.6 23.9 69 3.4 0 0
1016.5 24.3 59 4.9 0 0
1017.4 23.2 69 1 0 0
1017.9 22.4 73 0.8 0 0
1020.2 20.6 97 1.6 2.5 0
1020.5 19.2 99 1.2 1.5 0
1021.1 18.5 94 5.1 0.5 0
1021.5 19.3 84 4.4 0 0
1021.7 20 81 3.3 0 0
1020.9 21.1 81 2.9 0 0
1020.3 21.2 78 3.7 0 0.1
1019.9 19.3 91 2.2 0 0
1019.5 19.5 89 3.7 0 0
1019.8 19.1 88 2.5 0 0
1020.3 19 90 4.4 0 0
1020.8 18.6 91 3.9 0.5 0
1021.3 18.7 87 4.2 0 0
1021.5 18.7 87 1.7 0 0
1022.7 16 97 4.3 0.5 0
1023.1 15.9 96 3.7 0 0
1023.6 16.1 94 4.3 0 0
1023.6 16.6 92 3 0 0
1023.8 16.6 92 3.9 0 0
1023.6 16.5 90 4.2 0 0
1022.8 16.6 88 3.9 0 0
1022.1 16.6 86 4 0 0
1021.6 16.4 85 4.3 0 -9.5
1021.7 16.1 86 4 0 0
1022 16 85 3.9 0 0
1021.8 15.6 87 3.3 0 0
1022.5 15.6 85 3.9 0 0
1023 15.6 84 3.8 0 0
1022.3 15.6 91 1.1 0.5 0
1022.9 15.8 94 0.2 0 0
1022.9 16.8 87 1 0 0
1023.3 17.7 81 1.6 0 0
1023.1 17.9 79 1.8 0 0
1020.9 20.1 73 1.4 0 0.4
1020.5 20.9 69 2 0 0.6
1019.8 19.7 73 3.5 0 0.1
1019.2 19.7 73 2.2 0 0
1019.4 19 81 2 0 0
1019.5 18.8 82 2.6 0 0
1019.7 18.5 83 1 0 0
1020 18.3 83 1.4 0 0
1020.5 18 85 0.7 0 0
1019.6 19 89 1.8 0 0
1020.2 18.9 88 2.2 0 0
1020.6 19.2 86 2.1 0 0
1021 19.2 86 3.1 0 0
1021.1 19.8 82 2.9 0 0
1020 21.1 80 2.7 0 0.1
1019 21.6 75 3.4 0 0.7
1018.4 21.3 79 3 0 0.2
1018.2 20.7 81 4.2 0 0.1
1018.2 19.8 83 3.8 0 0.1
1017.8 19.7 83 2.6 0 0
1018.5 19.3 85 1.3 0 0
1018.5 19.1 88 0.7 0 0
1019 19.2 88 1 0 0
1015.6 18.5 100 1.6 5 0
1016.3 18.6 100 0.5 5 0
1016.7 18.6 100 0.5 4.5 0
1016.6 18.8 100 0.6 4 0
1016.6 19.2 100 0.2 6.5 0
1015.7 19.3 100 0.2 3 0
1014.6 19.3 100 0.2 2 0
1013.8 19.5 100 0.9 2.5 0
1013.1 19.7 100 0.2 3 0
1012.8 20 100 1 4 0
1013.2 19.7 100 1 0.5 0
1013.3 19.2 100 1.8 1 0
1013.7 19.1 100 1.2 1 0
1013.6 19.1 100 1.1 0.5 0
1014.2 18.3 99 1.6 0.5 0
1014.7 18.3 98 2.3 0 0
1015.3 18.5 98 1.8 0 0
1015.6 18.7 97 1.1 0 0
1015.6 18.9 96 1 0 0
1014.7 19 94 2.1 0 0
1013.5 19.3 90 2.9 0 0
1012.7 18.7 90 2.5 0 0
1012.6 18.7 87 2.7 0 0
1012.9 18.5 87 2.5 0 0
1013.3 18.3 86 2.1 0 0
1013.7 18.4 85 1.4 0 0
1014 18.9 80 1.3 0 0
1014.3 18.4 90 0.7 0 0
1014.1 18.3 95 0.6 0 0
1014.7 18.2 97 0.5 0 0
1015.5 18.4 98 0.7 0 0
1016 18.9 98 1 0 0
1015.8 18.9 99 1.1 0.5 0
1015.2 19 91 1.5 0 0
1014.7 19.1 87 2.5 0 0
1014.3 18.7 90 2.1 0 0
1014.2 18 94 2.5 0 0
1014.5 17.8 93 2.2 0 0
1014.5 17.5 94 2.2 0 0
1015.1 17.6 86 1.9 0 0
1015.4 16.4 88 1.1 0 0
1015.8 17 96 0.8 0 0
1017 15 97 1.7 0 0
1017.6 15.1 97 1.2 0 0
1017.9 16.8 89 1.7 0 0.9
1018.2 18.8 79 1.6 0 1
1018 21.4 53 2.3 0 1
1017 21.7 50 1.9 0 1
1015.8 22.4 48 2.4 0 1
1015 23.1 47 2.4 0 1
1014.4 22.5 46 1.9 0 1
1014.2 21.8 48 2.6 0 1
1014.3 20.9 51 3.7 0 1
1014.6 19.8 55 3.8 0 0.7
1015 19.8 54 3.8 0 0
1015.2 19.9 54 4.3 0 0
1014.7 18.7 76 3.2 0 0
1015.2 18.6 78 3.7 0 0
1015.7 19.5 73 3.8 0 0.7
1016.2 21.5 68 2 0 1
1016 22.8 64 2.8 0 1
1015.4 23.9 58 1.1 0 1
1014.4 24.7 49 1 0 1
1013.7 24.1 66 1 0 1
1013.2 24.2 66 2.1 0 1
1013.3 22.9 76 1 0 1
1013.5 21.8 80 1.3 0 1
1013.8 20.8 83 0.8 0 0.4
1014.2 19.6 89 0.7 0 0
1014.6 18.7 91 0.7 0 0
1014.2 18 92 0.6 0 0
1015.2 18.5 90 0.1 0 0
1015.7 19.6 85 2.9 0 0
1016.2 20.7 81 2.2 0 0.5
1015.5 22 79 1.3 0 1
1014.6 22.8 77 0.5 0 0.6
1013.7 22.9 81 0.7 0 0.1
1013 23.7 81 0.8 0 0.5
1012.3 24.9 77 0.8 0 0.5
1012.3 23.7 79 0.9 0 1
1012.3 23.6 78 1.5 0 0.9
1012.3 21.9 85 1.4 0 0.7
1013 21 90 0.2 0 0
1013.2 20.4 93 0.5 0 0
1013.6 20 95 1.1 0 0
1013.9 20.2 94 1.3 0 0
1014.6 22.1 85 1.5 0 0.9
1014.7 23.5 78 1.5 0 0.8
1014.5 23.5 75 0.9 0 0.9
1013.7 25.1 81 2.5 0 1
1012.4 25.1 85 1 0 1
1011.5 25.3 83 2.1 0 1
1010.7 27.1 79 1.9 0 1
1010.2 26.1 81 1.9 0 1
1010.3 24.4 90 0.8 0 1
1010.8 22.7 96 1.3 0 0.7
1011.3 22.5 96 1.2 0 0
1011.7 22.5 96 0.3 0 0
1012.8 21.6 97 0.3 0 0
1013.2 22.1 97 0.4 0 0
1013.9 22.5 96 0.6 0 0
1014.2 23 95 0.6 0 0
1014.3 24.1 88 0.8 0 0.4
1013.4 25 81 0.3 0 0.2
1012.2 26 79 1 0 0.1
1011.2 27.2 73 0.6 0 0.1
1010.7 26.7 73 1.2 0 0
1010.7 26.5 75 0.8 0 0
1010.9 26 77 0.5 0 0
1011.2 25.8 78 0.8 0 0
1012 24.9 82 0.6 0 0
1012.5 24.2 86 0.4 0 0
1014.9 20.9 87 2.8 0 0
1015.7 20.8 87 2.6 0 0
1016.3 21.3 85 2 0 0
1017.1 21.6 83 3.2 0 0
1017.7 21.3 85 3.4 0 0
1017.3 20.9 86 3.8 0 0
1017 20.2 88 4.2 0 0
1016.4 20.1 85 4.6 0 0
1016.2 20.5 83 3.7 0 0
1016.3 19.6 84 4.6 0 0
1016.7 19.5 82 3.7 0 0
1017.2 19.4 81 2.9 0 0
1018 19.3 81 3.3 0 0
1018.7 19.1 82 2.8 0 0
1019.5 18.7 84 2.2 0 0
1019.8 18.9 84 1.2 0 0
1020.2 19.5 85 0.8 0 0
1020.4 20.7 80 1.4 0 0
1020.2 22 76 1.2 0 0.1
1019.3 23.3 72 3.9 0 0.1
1018.4 24.4 67 3.9 0 0.3
1017.7 24.3 69 3.6 0 0.3
1017.2 24.6 66 3 0 0.1
1017.1 24.5 67 2.8 0 0
1017.3 23.2 73 0.6 0 0
1017.7 22.8 76 1.4 0 0
1017.8 23.2 73 3.1 0 0
1017.9 23.7 70 2.8 0 0
1017.8 19.6 93 0.9 0 0
1017.9 19.2 93 0.6 0 0
1018.3 21.3 86 2 0 1
1018.7 22.5 79 1.5 0 1
1018.6 24 78 0.9 0 1
1018.1 24.8 79 0.9 0 1
1017.3 24.4 81 1.3 0 1
1016.2 24.5 84 1.8 0 1
1015.6 24.9 83 1.2 0 1
1015.1 25 77 1 0 1
1015 24.6 75 1.2 0 1
1015.2 23.4 78 1.9 0 0.8
1015.8 22.3 86 0.8 0 0
1016.2 21.8 89 0.2 0 0
1015.4 19.8 95 0.9 0 0
1015.9 20.5 97 1.6 0 0
1016 21.5 93 2.4 0 0.1
1016.1 23.4 85 2.6 0 1
1016 24.2 79 2.5 0 1
1015.4 26.2 66 0.8 0 1
1014.4 27 63 1.4 0 1
1013.4 28 55 1.1 0 1
1013.1 27 59 1.9 0 1
1013 26.2 65 1.7 0 1
1013 25 69 0.8 0 0.2
1013.4 23.4 80 0.9 0 0
1013.6 23 74 1.4 0 0
1013.8 23.2 79 3.1 0 0
1018.5 17.5 88 6.4 0 0
1020.6 15.2 92 6.7 0 0
1022.4 14 92 6 0 0
1023.7 13.6 94 5.9 0.5 0
1024.2 13.5 94 4.9 0.5 0
1024.4 13.6 95 4.4 0 0
1023.6 13.6 95 4.6 1 0
1023.2 13.6 95 5 0.5 0
1023.5 13.1 96 5 0.5 0
1024 12.5 96 4.2 1 0
1024.5 12.1 95 4.4 0.5 0
1025.3 11.7 95 4.1 0.5 0
1026.1 11.3 94 4.5 0.5 0
1026.6 11.6 90 3.7 0 0
