1017.7 20.9 92 2.1 0 0
1018 21.2 90 1.6 0 0
1018.2 22.7 82 2.7 0 0.7
1018.6 22.5 83 3.6 0 0.1
1018.6 23.6 80 2.9 0 0
1018.3 23.5 84 3.8 0 0.1
1018.2 20.9 93 5.2 0 0.1
1017.9 20.6 92 4.5 0 0
1017.8 20.4 93 3.2 0 0
1017.8 20 95 3.3 3.5 0
1018.5 19.2 94 6.9 3 0
1019.2 18.7 88 6.5 0.5 0
1020.2 18.6 85 7 1 0
1021.1 18.6 79 6.9 0 0
1021.7 17.7 56 4 0 0
1022.4 17.5 58 5.4 0 0
1022.5 17.4 59 6 0 0
1022.9 17.2 56 4.9 0 0
1022.8 17.3 56 4.4 0 0
1022.2 17.4 52 4.3 0 0
1021.3 17.8 51 5 0 0.9
1020.3 18.1 51 3.4 0 0.9
1019.9 17.4 49 3.1 0 0.8
1020 17.6 49 3 0 1
1020.2 17.1 54 3.5 0 1
1020.4 16.8 51 2.5 0 0.7
1020.7 16.6 56 2.6 0 0
1021.2 16.5 52 3.4 0 0
1021.9 12 82 2.6 0 0
1022.7 12.5 81 3.2 0 0.1
1023.2 13.9 76 2.3 0 0.5
1023.3 16.4 62 0.5 0 0.2
1023 18.3 46 3.8 0 0.2
1022.3 18.5 45 4.7 0 0.1
1021.3 18.7 48 4.6 0 0.9
1020.5 18.3 42 5.4 0 1
1020.2 17.9 45 5.3 0 0.5
1020 17.7 46 4.3 0 0.8
1019.9 17.5 54 3.9 0 0.2
1020.2 17.4 51 4.8 0 0.2
1020.7 17.3 54 4.6 0 0
1021.3 17.2 54 4.5 0 0
1019.1 13.4 85 1.7 0 0
1019.6 13.6 85 1.3 0 0.4
1020 15.4 81 1.2 0 0.9
1019.7 19.1 67 0.1 0 1
1019.1 20.2 63 2.8 0 1
1018.6 20 65 2.9 0 0.7
1017.7 20.5 62 3.1 0 0.5
1016.6 20.7 62 4 0 0.4
1016 21 57 3.8 0 0.8
1015.9 20.9 58 3.7 0 0.9
1016.1 20.9 59 3.5 0 0.9
1016.6 20.5 68 2.5 0 0.6
1016.8 20.2 70 2.5 0 0
1017.5 19.5 70 1.4 0 0
1016.9 20.3 65 2.5 0 0
1017.6 20.4 63 3.4 0 0
1018.1 20.8 62 2.9 0 0.2
1018.2 21.2 62 4.8 0 0.5
1017.8 21.5 65 4.5 0 0.2
1017.2 21.8 60 5.1 0 0.3
1016.7 21.6 64 4.5 0 0
1016.3 21.7 65 4.7 0 0.1
1015.9 22 57 4.1 0 0.3
1015.8 21.5 66 4.1 0 0.1
1016.2 21.6 67 4.7 0 0.7
1016.8 21.4 67 4.5 0 0
1017 21.3 68 3.7 0 0
1017.3 21.3 72 3.4 0 0
1015.7 19.7 87 0.8 0 0
1016.1 19.9 88 0.1 0 0
1016.3 20.5 87 0.2 0 0.2
1016.4 21.7 80 2.4 0 0.5
1016 22.6 72 4 0 0.8
1015 22.7 71 3.4 0 0.2
1014 23.2 71 3.4 0 0.2
1013 23.3 69 3.6 0 0.2
1012.6 23.5 67 4.1 0 0.3
1012.5 23.5 67 3.6 0 0.2
1012.6 23.4 67 3.3 0 0.1
1012.9 23.3 67 3.3 0 0.5
1013.2 22.8 69 2.4 0 0
1013.6 22.3 72 1.1 0 0
1013.2 19 89 1.2 0 0
1013.7 18.7 90 1.3 0 0.1
1013.7 20.9 81 0.2 0 1
1014 22.4 72 1.3 0 1
1013.7 23.7 67 2.8 0 1
1013.1 23.9 67 3.8 0 0.9
1011.9 24.3 66 4.3 0 0.9
1011.1 24.2 64 5.4 0 1
1010.8 24.1 66 4.9 0 1
1010.7 23.7 72 4.4 0 1
1011 23.3 74 3.4 0 1
1011.7 22.7 81 1.8 0 0.6
1012.3 22.8 83 0.9 0 0
1012.7 22.4 85 0.7 0 0
1012.6 18 91 2.6 0 0
1013.4 18 91 1.9 0 0.4
1013.8 19.9 85 1.3 0 0.9
1014.2 22.3 75 1.1 0 1
1014.1 23.4 74 1.5 0 1
1013.6 23.7 72 2.5 0 1
1013.1 23.9 74 3.4 0 1
1012.7 23.9 75 3.2 0 1
1012.7 23.6 73 3.2 0 1
1012.8 23.2 71 3.5 0 0.8
1013.2 22.9 70 3.4 0 0.4
1014.2 22.6 73 2.8 0 0
1014.6 22.4 75 1.9 0 0
1015.4 22.2 78 2 0 0
1018.6 21.3 69 8.9 0 0
1019.5 21.3 69 6.1 0 0
1020.2 21.4 69 5.3 0 0
1020.8 20.8 70 9.2 0 0
1021.3 20.6 68 7.9 0 0
1021.1 20.4 67 7.9 0 0
1020.6 20.3 69 7.9 0 0
1020.2 20.3 65 8.7 0 0
1020 20.1 66 8.1 0 0
1020.2 20.2 66 8.3 0 0
1020.4 20.2 64 7.9 0 0
1021.2 20.2 64 6.3 0 0
1021.7 20.1 64 6.8 0 0
1022.1 20.1 65 7 0 0
1020.1 20.9 63 4.5 0 0
1020.6 20.7 68 5.2 0 0
1021.3 20.3 71 4.5 0 0
1021.5 20 75 3.7 2 0
1021.3 20.4 71 4 1.5 0
1020.8 20.3 74 5.6 0.5 0
1020.1 19.9 78 4.2 2.5 0
1019.3 19.4 80 5.3 2 0
1018.9 19.2 83 3.5 2 0
1019 19.2 84 3.7 3.5 0
1018.9 18.5 88 2.9 2.5 0
1019.1 18.8 88 1.2 2.5 0
1019.3 19.3 86 4.3 1.5 0
1019.8 19.3 87 3.3 2 0
1018.1 19.8 90 6.5 2.5 0
1018.6 20.1 88 0.7 0 0
1019.1 19.3 96 0.8 1 0
1019 20 91 2 1 0
1018.6 20.6 85 3.3 0.5 0
1018.1 20.5 86 4.4 1.5 0
1017.2 20.7 83 4 0 0
1016.3 20.9 78 4.1 0 0
1015.6 20.8 78 3.6 0 0
1015.4 20.8 77 3 0 0
1015.3 20.8 78 3 0 0
1015.2 20.8 78 2.9 0 0
1015.5 21.1 78 3.5 0 0
1016 21.1 81 1.4 0 0
1014.8 19.5 96 0.7 0 0
1015.4 20 94 0.3 0 0
1015.9 20.6 91 0.6 0 0.1
1016.4 21.2 83 2.2 0 0
1016.2 21.3 82 1.9 0 0
1015.8 21.6 80 1.9 0 0
1015.2 21.6 79 3 0 0.1
1014.5 21.7 82 3.2 0 0.3
1014.2 21.6 81 1.7 0 0.2
1014.3 22.2 78 0.9 0 0.6
1014.6 21.3 83 3 0 0.4
1015.1 20.9 83 1.9 0 0.4
1015.8 20.7 86 1.8 0 0
1016.3 20.7 82 3.1 0 0
1019.1 20.9 58 2.9 0 0
1020 21 58 3.5 0 0.1
1020.6 21.4 60 2.8 0 0.7
1021 21.9 53 4 0 1
1020.7 22.6 50 4.4 0 1
1019.9 22.7 48 4.7 0 1
1018.9 23.1 48 4.8 0 1
1018.1 23 50 5.6 0 1
1017.7 23.1 47 4.9 0 1
1017.4 23.3 47 3.6 0 1
1017.4 22.6 50 4.2 0 1
1017.8 22 53 3.9 0 0.5
1017.9 21.9 54 4.4 0 0
1018.2 21.7 55 4 0 0
1016.2 21.8 68 0.3 0 0
1016.9 21.9 69 0.3 0 0
1017.2 22.4 66 1.2 0 0
1017.4 23 67 0.5 0 0
1016.9 23.9 62 2.7 0 0
1016.4 25 59 3.7 0 0
1015.9 25.2 59 2.3 0 0.1
1015.4 25.7 62 0.5 0 0
1015.4 24.6 67 2.9 0 0
1015.4 23.4 71 0.7 0 0
1015.3 24.1 70 4.4 0 0
1015.3 23.8 65 3.8 0 0
1015.5 23.8 65 1.8 0 0
1016.2 21.6 83 1.9 0 0
1018.8 21.1 82 0.4 0 0
1019.4 20.2 93 5.5 15.5 0
1020.3 20.1 88 6.2 0 0
1021.1 20.2 83 3.4 0 0
1021.3 20.2 82 3.5 0.5 0
1020.9 20.1 82 2.6 1 0
1020.2 19.9 78 3.3 0.5 0
1019.3 20.2 76 2.7 0 0
1018.7 19.6 90 7.1 0.5 0
1019.1 19.4 91 5.9 0.5 0
1019.7 19.5 88 5 0.5 0
1020.2 19 92 3.9 1.5 0
1020.8 18.6 93 3.8 5.5 0
1021.3 18.6 91 3.4 2.5 0
1021.9 16.9 96 4.9 2 0
1022.4 16.7 94 5.7 1.5 0
1022.9 16.9 93 5.3 0.5 0
1023.3 16.7 94 4.3 1 0
1023.3 16.7 94 5.8 2 0
1022.9 16.3 95 7 1 0
1022.3 16 94 5.9 1 0
1021.5 16.5 88 5.8 0 0
1021.3 15.9 90 5.3 0.5 0
1021.5 15.7 88 7 0.5 0
1021.7 16.2 87 6 0 0
1022 15.6 91 6 0.5 0
1022.4 16 85 5.8 0 0
1022.5 16 83 4.7 0.5 0
1021.8 16.5 88 2.6 2 0
1022.1 16.4 90 1.1 0 0
1022.4 17.2 83 2.7 0 0
1022.9 17.3 84 2.6 0 0
1022.7 17.2 85 3.4 0 0
1021.5 17.2 86 2.3 0 0
1020.2 17.8 84 1.2 0 0
1019.6 18.3 82 1.9 0 0
1019.2 17.8 85 2.9 0 0
1019.1 17.9 86 1.6 0 0
1019.1 17.7 92 2.5 0.5 0
1019.6 17.5 94 3.4 0.5 0
1020 17.5 93 2.8 0.5 0
1020.2 17.7 92 2.8 0 0
1018.9 18.2 97 4.3 2 0
1019.8 18 97 4.8 2.5 0
1020.3 18 97 4.2 1 0
1020.6 17.8 97 3.1 0.5 0
1020.6 17.9 97 4 1.5 0
1020.2 17.8 97 4.3 3 0
1019 17.8 97 4.4 2 0
1018 18.2 97 3.6 1 0
1018.2 18 97 2.7 1 0
1018 18.1 97 3.3 1 0
1017.8 18.3 97 3 1 0
1018.3 18.1 97 3.6 2.5 0
1018.5 18.4 97 3.2 2.5 0
1018.6 18.6 97 4.1 1.5 0
1014.5 19.1 98 0.7 8.5 0
1015.3 19.4 98 1.1 5 0
1014.9 19.6 98 1.9 6.5 0
1015.2 19.7 98 1.2 5 0
1015.1 19.7 98 2.3 5 0
1014.1 20 97 1.4 3.5 0
1013 19.9 97 1.3 3.5 0
1011.9 20 97 2.2 1.5 0
1011.2 20.1 97 1.2 2.5 0
1011.1 20.2 97 1.2 2.5 0
1011.3 20.3 97 1 0 0
1011.4 19.8 97 2.5 0.5 0
1011.8 19.7 96 2.2 0 0
1012 19.6 96 1.9 1 0
1012.7 19.3 93 2.9 0 0
1013.3 19.4 92 1.9 0 0
1013.8 19.8 88 3.9 0 0
1014 20.2 86 3.2 0 0
1014 20.1 86 3.5 0 0
1013.2 20 85 2.4 0 0
1012.2 19.8 84 2.4 0 0
1011.5 19.4 82 2.3 0 0
1011.3 19.5 80 4.1 0 0
1011.7 19.7 78 3.4 0 0
1011.9 19.7 79 3.4 0 0
1012.5 19.1 85 1.1 0 0
1012.9 18.8 90 1.4 0 0
1013.3 18.6 94 0.7 0 0
1012.7 18.7 95 1 0 0
1013.2 18.8 95 0.4 0 0
1014.2 19.2 95 0.6 0.5 0
1014.5 19.2 96 0.4 0 0
1014.3 19.4 94 1 0 0
1013.7 18.9 95 2.6 1 0
1013.3 18.7 96 1.2 0.5 0
1012.8 19.1 93 0.4 0 0
1012.6 18.8 91 2.8 0 0
1013.2 18.3 92 3.5 0.5 0
1012.9 18.2 92 2 0 0
1013.8 18.3 82 0.9 0 0
1013.9 17.9 90 2 0 0
1014.3 17.5 92 1.7 0 0
1015.8 15.5 95 1.6 0 0
1016.5 15.7 94 1.4 0 0
1016.8 16.8 89 1 0 0.1
1017.3 20.1 58 3.5 0 0.4
1017.2 20.9 53 3.5 0 0.9
1016.5 21.1 50 3.9 0 1
1015.5 21.2 52 4.8 0 1
1014.7 21.3 51 4.8 0 1
1014.3 21.3 48 4.8 0 1
1014 21.2 51 4 0 1
1014.1 20.9 52 3.1 0 1
1014.5 20.3 55 1.9 0 0.5
1015 19.9 57 2.1 0 0
1015.3 19.9 58 1.5 0 0
1013.5 18.5 80 0.3 0 0
1014 18.7 78 1.2 0 0
1014.5 19.3 76 0.2 0 0.4
1014.8 22.1 66 0.2 0 1
1014.5 23.9 56 2.2 0 1
1013.9 25 53 1.8 0 1
1012.9 25.2 52 0.6 0 1
1011.9 25.6 51 1.2 0 1
1011.3 25.8 52 2.1 0 1
1011.4 24.9 54 1.9 0 1
1011.8 23.6 61 3 0 1
1012.3 23.1 61 1.3 0 0
1012.8 22.1 73 0.1 0 0
1013.2 21.1 79 0.5 0 0
1012.4 18.2 85 2 0 0
1013.8 18.4 85 1.7 0 0
1014.4 19.4 81 1.7 0 0.1
1014.8 21.3 72 2.8 0 0.4
1014.2 22.9 66 2 0 1
1013.2 22.5 75 2.4 0 0.9
1012.5 22.7 78 2 0 0.1
1011.9 22.7 77 2.4 0 0.2
1011.1 22.9 78 2.4 0 0.6
1011.1 22.9 77 2.1 0 0.8
1010.9 22.8 79 2.1 0 0.9
1011.3 22 85 2.1 0 0.4
1012 21.9 86 1 0 0
1012.2 21.6 86 1.2 0 0
1012.1 20.4 92 1.9 0 0
1012.4 20.1 93 2.3 0 0
1013.1 20.7 90 1.9 0 0.4
1013.4 22.2 83 2 0 0.6
1013 24.7 74 0.6 0 1
1012.5 24.4 76 2.7 0 1
1011.4 23.6 90 2.9 0 0.9
1010.4 24 86 2.6 0 1
1009.7 24.2 84 2.8 0 1
1009.2 24 86 1.8 0 1
1009.2 23.9 87 1.5 0 1
1009.4 23.7 88 2.1 0 0.6
1010.1 24 84 0.4 0 0
1010.5 24.6 82 0.7 0 0
1011 21.6 93 1.2 0 0
1011.7 21.7 93 1.1 0 0
1012.3 23.1 86 1.1 0 0.4
1012.8 23.5 86 1.5 0 0.1
1012.6 26.4 74 1.4 0 0.7
1011.8 27.7 68 1.3 0 1
1010.5 25.9 78 1.7 0 1
1009.7 26.9 73 2.7 0 1
1009.3 25.4 82 2.2 0 1
1009.6 24.8 85 2.7 0 1
1009.6 25.2 83 0.2 0 0.1
1010 25.9 80 0.2 0 0
1010.7 25.8 80 0.3 0 0
1011.3 25.7 83 0.6 0 0
1014.6 19.9 97 3.6 2 0
1015.3 19.7 97 3.1 2.5 0
1016 19.7 97 3.9 2 0
1016.9 19.7 97 4.9 2 0
1017.3 19.5 97 4.2 3 0
1017.1 19.5 97 5.1 2 0
1016.7 19.2 97 5.4 1.5 0
1016.5 18.5 97 6.2 2.5 0
1016.3 18.6 96 5.4 1.5 0
1016.5 18.4 96 5.2 2.5 0
1016.9 18.2 95 5.1 1 0
1017.5 18.1 96 4.3 1.5 0
1018.1 18 96 5.1 1.5 0
1018.8 18 96 5.6 3 0
1019.2 18.1 97 3.5 1.5 0
1019.6 18.2 97 2.6 1.5 0
1020 18.3 96 2.8 0.5 0
1020.4 18.7 96 1.7 0 0
1020.3 19.1 96 2.6 0 0
1019.8 19.5 94 2.1 0 0
1018.8 19.9 95 2.6 0 0
1017.9 20.2 93 2.5 0 0
1017.3 20.6 93 1.9 0 0
1017.2 21.1 88 1.6 0 0
1017.2 21.2 89 2 0 0
1017.7 20.7 94 2.5 0 0
1017.9 20.4 96 0.8 0 0
1018 20.7 96 0.3 0 0
1016.5 19.1 97 1.2 0 0
1016.7 19 97 0.9 0 0
1017 20.2 95 0.7 0 0.5
1017.4 23.8 82 0.1 0 1
1017.2 25.3 77 1 0 0.6
1016.8 26.3 72 1.6 0 1
1015.9 26.1 72 2 0 1
1014.8 27.2 68 2.3 0 1
1013.9 27 68 3.1 0 1
1013.5 27.1 67 2.3 0 1
1013.6 26.3 71 1.3 0 1
1014 25.1 81 1.3 0 0.6
1014.6 24.1 81 0.1 0 0
1015 23.2 86 0.5 0 0
1013.9 20.2 95 1.7 0 0
1014.3 20.4 94 1.5 0 0
1014.4 22.1 88 3.1 0 0.4
1014.8 23.8 81 3.3 0 1
1014.5 25.7 72 1.5 0 1
1013.9 24.2 79 2.3 0 1
1013.1 24 79 2.7 0 0.8
1012.1 24.5 79 1.9 0 0.3
1011.6 25.4 72 2.5 0 0.8
1011.6 26.4 63 2.4 0 0.7
1011.7 26 67 1.5 0 0.4
1012.1 25.5 73 0.3 0 0
1012.4 24.4 74 2.1 0 0
1012.6 23.4 77 2.2 0 0
1019.1 16.8 96 6.1 4.5 0
1020.5 15.5 96 6.8 3.5 0
1022.4 14.1 95 8.7 2.5 0
1023.5 13.6 94 7.3 2 0
1023.8 13.8 94 6.7 2.5 0
1023.6 14.3 90 5.4 1 0
1022.9 14.2 89 6.4 0 0
1022.4 14.3 88 7.6 0 0
1022.5 14 87 9.4 0 0
1022.9 13.4 89 9.1 0 0
1023.5 13 88 7.7 0.5 0
1024.5 13 87 7.9 0 0
1025.3 12.5 86 7.2 0 0
1025.7 13.5 80 6.3 0.5 0
