1018.5 20.3 95 1.9 0 0
1019.2 22.5 92 3.6 0 0
1019.5 23.2 89 1.6 0 0
1020.4 23.5 88 3 0 0
1020.6 23.7 86 3.4 0 0.1
1020.4 22.2 88 5.3 0 0
1019.6 21.9 88 4.6 0 0
1019.2 21.5 88 4.6 0 0
1018.8 21.5 87 5.1 0 0
1018.9 21.7 83 4.6 0 0
1019.2 21.4 80 6 0 0
1019.6 20.2 87 6.2 0 0
1020.6 20.3 77 6.2 0 0
1021.8 18.2 94 6.4 1 0
1022.7 17.1 56 6.1 0 0
1023.4 16.7 57 5.3 0 0
1023.4 17.8 55 5.5 0 0.8
1023.7 18.4 51 6.1 0 1
1023.6 18.9 51 7.5 0 0.9
1022.9 19 51 7.2 0 0.9
1022.1 19.1 51 6.7 0 1
1021 19 53 6.1 0 1
1020.5 18.4 51 6.6 0 1
1020.5 18.2 54 5.7 0 1
1020.6 17.4 55 5.9 0 1
1020.9 16.1 56 5.6 0 0.8
1021.1 15.8 61 5.3 0 0
1021.4 14.7 64 3.6 0 0
1022.4 12.5 72 2.7 0 0
1022.7 13.9 65 2.9 0 0.3
1023.5 16.6 56 3.6 0 1
1023.2 18.3 49 5.6 0 1
1022.9 19.2 46 7.6 0 1
1022.2 20.1 47 8.8 0 1
1021.4 19.7 43 10.5 0 1
1020.2 19.5 44 10.2 0 1
1019.6 19.3 47 9.7 0 1
1019.4 18.5 49 9.8 0 1
1019.4 17.5 48 9.2 0 1
1020 16.5 53 7.4 0 0.8
1020.1 16.2 59 7 0 0
1020.9 15.9 58 8 0 0
1019.3 14.4 76 3.2 0 0
1019.7 15.4 75 3.9 0 0.3
1020 17.9 71 4.6 0 1
1019.8 19.9 66 6.9 0 1
1019.5 21.3 61 6.3 0 1
1019 21.4 67 7.8 0 1
1017.9 21.6 66 6.7 0 1
1016.9 22 66 7.4 0 1
1016.5 21.8 66 6.9 0 1
1016.2 20.7 70 8.1 0 1
1016.2 20.2 73 7.2 0 1
1016.5 19.4 78 6.4 0 0.8
1016.7 19.1 79 4.5 0 0
1017.6 19 71 5 0 0
1016.5 18.9 72 5.7 0 0
1017 19.5 70 6.3 0 0.4
1017.4 21 64 8.1 0 1
1017.2 22.1 62 7.8 0 1
1016.9 22.9 60 8.6 0 1
1016.3 23.5 58 9 0 1
1016.1 23.3 61 9.3 0 0.8
1015.5 23.5 61 9.1 0 0.7
1014.9 23.3 59 10.1 0 1
1015 22.9 62 8.4 0 1
1015.5 22 65 10 0 1
1016 21 69 7.3 0 0.8
1016.4 20.4 70 6.7 0 0
1016.7 20.1 71 6.1 0 0
1016 17 91 1.9 0 0
1016.6 17.7 92 1.8 0 0.4
1016.7 21 82 2.1 0 1
1016.6 23.6 70 3.7 0 1
1016.2 23.8 73 4.7 0 0.7
1015.1 24.5 69 6.6 0 0.6
1014 24.5 70 9.2 0 1
1013 24.7 69 8.6 0 1
1012.4 24.5 71 8.3 0 1
1012.2 24 73 7.7 0 1
1012 23.2 75 8 0 1
1012.2 22.4 78 6.8 0 0.8
1012.5 22.2 73 4.6 0 0
1012.9 21.5 74 4.3 0 0
1013.8 16 98 1.6 0 0
1014.1 16.6 98 1.9 0 0.5
1014.4 20.6 79 1.1 0 1
1014.7 23 67 2.2 0 1
1014.6 24.6 63 1.4 0 1
1013.9 24.7 66 2.8 0 1
1013 24.5 69 4.1 0 1
1012.1 25.6 66 2.9 0 1
1011.5 25 67 5.5 0 0.9
1011.4 24 71 5.9 0 1
1011.5 23.4 71 5.3 0 1
1012.2 22.1 79 3.8 0 0.9
1012.6 21.2 85 2.6 0 0
1013 20.7 83 2.2 0 0
1013.7 15.9 98 1.7 0 0
1013.9 16.8 95 1.7 0 0.4
1014.4 20.5 85 2.1 0 1
1014.9 22.9 66 1.7 0 1
1014.9 24.5 63 2.7 0 1
1014.4 24.8 66 4.3 0 1
1013.9 25.5 71 4.8 0 1
1013.4 25 70 6.1 0 1
1013.2 25 71 6.3 0 1
1013.1 24.3 71 6.5 0 1
1013.4 23.2 72 7.5 0 1
1014.1 22.2 76 6.5 0 0.9
1014.5 21.8 79 7.3 0 0
1015 21.4 82 5.9 0 0
1017.6 20.4 70 11 0 0
1018.6 20.7 69 11.8 0 0
1019.3 20.9 70 10.6 0 0
1019.8 20.9 69 12.1 0 0
1020.2 21 66 13.5 0 0
1019.8 20.6 66 11.8 0 0
1019.4 21 64 12.4 0 0
1018.8 21.6 64 11.8 0 0.3
1018.5 21.3 63 12.4 0 0.7
1018.7 20.6 67 12.1 0 0.5
1018.9 20.4 63 11.3 0 0.6
1019.6 19.4 69 10.8 0 0.4
1020 19.2 67 11.5 0 0
1020.2 19.1 69 11.7 0 0
1019.4 19 76 7.7 0 0
1020.1 19.3 71 6.9 0 0
1020.3 20.9 68 9.4 0 1
1020.5 21.4 66 9.3 0 0.9
1020.2 21.5 68 11.3 0 0.7
1019.5 22.9 62 11.4 0 0.9
1018.7 22.6 66 11.1 0 0.7
1018 22.2 66 12 0 0.6
1017.9 22.1 68 11.2 0 0.9
1017.6 21.4 70 12.1 0 1
1017.8 20.6 74 10.7 0 1
1018.2 19.6 81 9.2 0 0.8
1018.8 19.4 82 9 0 0
1019.2 19.5 82 9.3 0 0
1019.1 18.9 92 8 0 0
1019.4 18.6 96 5.5 0 0
1019.6 19.5 87 7.2 0 0
1019.4 20.5 79 8.3 0 0
1019 21.1 76 8.7 0 0
1018.5 20.9 77 8.3 0 0
1017.4 21.2 74 9.8 0 0
1016.1 21.9 70 11 0 0.1
1015.4 21.8 71 8.5 0 0.1
1015 21.4 72 9.9 0 0
1014.8 21.3 72 9.9 0 0.2
1014.9 21 77 9.1 0 0
1015.4 20.6 76 7.2 0 0
1016 20.8 75 8.1 0 0
1015.4 18.6 94 2.6 0 0
1015.9 19.9 89 3.2 0 0.3
1016.2 21.5 83 6 0 1
1016.5 22.3 77 7.9 0 1
1016.5 23.2 73 6.7 0 1
1016.1 23.5 73 7 0 1
1015.5 23.6 69 7.3 0 1
1014.8 23.9 68 7.3 0 1
1014.7 24.3 56 5.8 0 0.4
1014.5 24.2 49 5 0 0.7
1014.7 22.6 79 6 0 1
1015.2 21.1 83 5.7 0 0.7
1015.8 20.5 87 5.1 0 0
1016.2 20.4 85 6.6 0 0
1018.4 20 71 7.8 0 0
1019.1 19.7 66 7.1 0 0.3
1019.6 20.9 60 7.5 0 1
1019.6 22.1 56 9.2 0 1
1019 23.3 50 8.5 0 1
1018 24.4 42 9.2 0 1
1016.8 25 42 8.7 0 1
1015.6 25.6 37 8.5 0 1
1014.4 25.6 35 10.7 0 1
1013.9 25.1 40 8.3 0 1
1014 23.6 46 9.7 0 1
1014.5 21.9 53 8.5 0 0.8
1014.8 21.4 55 7.1 0 0
1015.5 21.1 58 7.2 0 0
1016.1 21 65 3.7 0 0
1017.1 21.1 65 2.1 0 0
1017.5 22 64 1.5 0 0
1017.9 23.3 63 1.3 0 0
1017.6 24.6 59 2.3 0 0.2
1017.7 24.1 64 2.8 0 0
1017.2 23.6 68 2.4 0 0
1016.7 24.7 63 1.9 0 0
1016 25.3 61 2.7 0 0
1016.1 24 74 2.3 0 0
1015.9 23.8 76 0.4 0 0
1015.9 24.5 55 2.7 0 0
1016.7 23 82 3 0 0
1017.1 22.6 85 2.9 0 0
1018.5 21 88 4.7 0 0
1019 20.8 88 9.2 0 0
1019.9 20.5 81 11 0 0
1020.4 20.5 79 12.5 0 0
1020.2 21 74 10.5 0 0
1019.8 21.1 76 10.9 0 0
1019.1 20.4 77 12.5 0 0
1018.6 19.2 87 10.4 0 0
1018.4 18.9 88 11.5 0 0
1018.6 18.4 92 10.7 0 0
1018.8 18.3 93 10.2 0 0
1019 18.7 93 11 0 0
1019.7 18.9 91 10.7 0 0
1020 19.2 87 9.7 0 0
1021.5 16.9 91 9.5 0 0
1021.8 16.7 90 9.7 0 0
1022.2 16.8 90 10.4 0 0
1022.4 16.9 91 10.2 0 0
1022.5 16.8 89 11.3 0 0
1022.1 16.8 87 10.3 0 0
1021.7 16.7 87 9.4 0 0
1020.6 16.9 81 12.1 0 0
1020.2 16.5 82 11.2 0 0
1020.1 16.6 81 10.8 0 0
1020.4 16.4 86 11.4 0 0
1020.7 16.3 87 10.7 0 0
1020.8 16.2 86 10.7 0 0
1021 16.4 84 11.3 0 0
1021.3 16.8 82 8.8 0 0
1021.6 17.1 81 9 0 0
1021.7 18 81 8.4 0 0.1
1022.2 19.1 76 9.8 0 0.3
1021.9 19 74 9.5 0 0.1
1020.1 19.7 73 8.2 0 0.1
1019.8 20 74 7.7 0 0.3
1019 19.1 77 10.9 0 0.1
1018.5 18.8 80 9.8 0 0.1
1018.4 18.4 84 9.3 0 0
1018.3 18.5 85 9.2 0 0
1018.7 18.4 87 8.8 0 0
1018.7 18.4 87 8.9 0 0
1019.2 18.4 88 9.2 0 0
1019 19.2 91 8.7 0 0
1019.5 18.8 92 8.2 0 0
1020 18.4 92 9.3 0 0
1020 18.8 92 8.5 0 0
1020.3 19.1 89 10.7 0 0
1019.3 19.7 87 8.8 0 0.1
1018.4 19.6 87 9.3 0 0.2
1017.7 20.4 81 10.9 0 0.4
1017.8 19.9 82 10.1 0 0.1
1017.2 18.9 88 9.2 0 0
1017.6 18.9 90 8.2 0 0
1017.6 19 91 8.8 0 0
1017.7 18.8 95 8.1 0 0
1017.9 19 91 9.4 0 0
1015.4 18.6 99 2.2 4 0
1015.5 18.6 99 3.2 4.5 0
1016.1 18.9 99 2.9 3 0
1016.7 19 99 0.2 5.5 0
1016.2 19.2 99 1.1 4.5 0
1015.3 19.6 99 1.3 3 0
1013.9 19.8 99 1.8 2.5 0
1013 19.9 99 1.4 3.5 0
1012.7 19.9 99 1.8 3 0
1012.6 19.6 99 1.4 2 0
1013 19.6 99 0.8 1 0
1013.1 19.6 99 0.7 2 0
1012.8 19.1 99 3.9 2.5 0
1013.1 19.3 99 1.9 0.5 0
1013.9 18.6 99 2 0 0
1014.5 18.7 98 3.5 0.5 0
1014.8 18.6 98 3.3 0.5 0
1015.1 19 97 1.8 0 0
1014.9 19.7 89 4.2 0 0
1014.1 19.9 88 4.7 0 0
1012.9 19.5 89 5.7 0 0
1012.2 19.3 85 5.6 0 0
1012.1 19.7 82 5 0 0
1012.4 19.2 82 5.9 0 0
1012.6 18.9 80 5.5 0 0
1013 18.6 82 5.1 0 0
1013.3 18.8 82 5 0 0
1013.4 19 84 5 0 0
1013.6 19.4 89 1.5 0 0
1014.5 19.3 89 0.9 0 0
1015.1 19.1 91 0.8 0 0
1015.4 19.5 85 3.9 0 0
1015.5 19.2 85 4.1 0 0
1015 19.2 84 3.4 0 0
1014.5 19.4 80 3.9 0 0
1014 19.4 81 3.9 0 0
1013.4 18.9 85 4.4 0 0
1014.3 18.9 85 3.2 0 0
1014.3 18.3 91 1.6 0.5 0
1014.6 17.9 95 1.3 0 0
1014.8 17.7 96 1.9 0 0
1015.4 17.5 96 1.3 0 0
1015.5 16.3 83 4 0 0
1016.1 16.8 80 4.2 0 0.1
1016.4 18.9 70 5.7 0 1
1016.5 20.4 64 6.8 0 1
1016.3 21.7 58 8.2 0 1
1015.4 22.4 52 7.6 0 1
1014.5 23 50 7.6 0 1
1013.6 23.3 51 6.7 0 1
1013.2 23.1 51 7.2 0 1
1012.9 22.6 52 6.9 0 1
1012.9 21.5 55 6.8 0 1
1013.4 20.1 59 7 0 0.8
1014 19.2 62 6.2 0 0
1014.2 18.4 66 5.2 0 0
1014.2 14.6 96 0.6 0 0
1014.6 14.5 98 1.6 0 0
1015.2 18.8 85 0.4 0 0.7
1015.7 20.7 78 1.3 0 1
1015.6 22.8 70 2 0 1
1015 23.1 71 3.3 0 1
1014.3 23 73 3.8 0 1
1013.4 23.2 72 3 0 1
1012.8 22.9 73 3.5 0 1
1012.9 22.5 73 2.8 0 1
1013 21.5 81 2.6 0 1
1013.3 20.3 88 1.5 0 0.6
1013.7 19.3 93 1.7 0 0
1014 18.6 97 1.3 0 0
1013.7 17.3 99 0.3 0 0
1015 18 98 0.3 0 0
1015.3 20.3 98 1.7 0 0.2
1015.8 21.6 86 1.2 0 0.4
1015 22.5 81 1.3 0 0.9
1014.1 23.8 74 1.4 0 0.7
1013.2 23.8 78 2.8 0 0.3
1012.3 24.4 74 2.1 0 0.9
1012 24.9 76 2.8 0 1
1011.8 23.8 78 3.1 0 1
1011.9 23.1 84 2.6 0 0.7
1012.1 21.8 84 2.8 0 0.9
1012.4 21 92 2.8 0 0
1012.6 20.5 96 1.9 0 0
1013.1 19.1 99 0.5 0 0
1013.6 19.5 100 0.6 0 0
1014 20.6 99 0.2 0 0
1014.1 23 100 2.8 0 0.5
1014 24.1 91 3.8 0 0.1
1013.2 24.2 89 4.9 0 0.7
1012.1 24.4 88 4.3 0 0.7
1011 24.3 87 5.1 0 0.9
1010.3 24.7 86 4.9 0 1
1009.9 24.3 90 3.8 0 1
1010 23.6 92 4.3 0 1
1010.5 22.6 98 3.8 0 0.5
1011 22.5 98 3.3 0 0
1011.5 22.2 98 2.5 0 0
1012.3 22.2 99 0.7 0 0
1013 22.2 99 1.2 0 0
1013.4 22.5 98 1.4 0 0
1013.8 23.7 97 1 0 0.3
1013.9 24.4 90 1.5 0 0.1
1013 25.6 77 1.8 0 0
1011.8 27.4 65 1.4 0 0.3
1010.9 27.6 67 2.4 0 0.3
1010.3 28 66 3.1 0 0.1
1010.3 27.5 67 2.9 0 0.5
1010.4 26.9 73 2.3 0 0.1
1010.8 26.6 71 2.6 0 0.2
1011.5 25.8 74 2.3 0 0
1012.1 25.1 77 2 0 0
1014.5 20.2 98 6 0 0
1015 20.2 98 8.1 0 0
1015.8 20.4 97 7.6 0 0
1016.5 21.1 94 8.3 0 0
1016.9 20.8 92 9.6 0 0
1016.7 20.5 92 9.4 0 0
1016.3 20.1 92 9 0 0
1015.7 19.6 91 10.3 0 0
1015.5 19.7 89 10.6 0 0
1015.4 19.5 88 10.4 0 0
1015.4 19.3 89 9.4 0 0
1015.9 19 91 10.5 0 0
1016.7 18.9 90 10.1 0 0
1017.2 18.9 89 11 0 0
1018 18.7 90 8.4 0 0
1018.4 19 89 8.2 0 0
1018.6 19.6 86 8.3 0 0
1018.9 21.2 80 8.7 0 0.8
1019 22.5 75 8.4 0 1
1018.5 23.6 72 6.7 0 1
1017.8 23.7 75 7.9 0 1
1017.2 24 73 7.6 0 1
1016.8 23.5 77 8.2 0 1
1016.9 22.5 81 9.2 0 0.9
1016.6 22.5 83 8.2 0 0.9
1016.9 21.7 87 5.9 0 0.9
1017.2 21.5 88 5.2 0 0
1017.3 21.3 89 2.9 0 0
1017.3 18.1 98 0.5 0 0
1017.4 18.3 98 0.8 0 0.1
1017.7 21.5 89 0.8 0 1
1018.2 23.5 85 2.5 0 1
1018.2 25.1 73 3.1 0 1
1017.9 25.9 67 4.1 0 1
1017 26.2 66 2.6 0 1
1016 25.6 74 2.5 0 1
1015.2 25.1 77 3.7 0 1
1014.7 25.2 75 2.6 0 1
1014.8 24.2 87 2.6 0 1
1014.9 23.4 91 1.4 0 1
1015.4 22.4 96 0.2 0 0
1015.9 21.6 98 1.6 0 0
1015 19.1 99 2.8 0 0
1015.3 20.1 100 1.9 0 0
1015.5 21.1 99 2 0 0
1015.6 23.6 90 3.1 0 1
1015.4 26.4 65 1.9 0 1
1014.8 27.9 56 1.5 0 1
1013.9 28 54 1.9 0 1
1013.1 27.2 58 4.1 0 1
1012.7 26.7 64 3 0 1
1012.7 25.6 78 2.7 0 1
1012.7 25.4 71 2.3 0 1
1013 24.6 77 1.5 0 1
1013 23.9 78 3.2 0 0
1013.1 24.1 75 3.5 0 0
1017.7 17.7 96 11.3 0 0
1019.4 15.5 96 13.4 0.5 0
1020.9 14.3 94 11.6 0.5 0
1022.3 14.2 94 12.9 0 0
1022.8 14.2 92 11.9 0 0
1022.9 14 95 10.3 0.5 0
1022.4 14 94 10.8 1 0
1022 14.1 92 10.5 0 0
1022 13.5 94 12.1 0.5 0
1022.5 13.5 91 9.4 0.5 0
1023 12.7 94 10 0.5 0
1023.6 12.6 93 10.8 0 0
1024.2 12.4 91 10.4 0.5 0
1024.3 12.4 83 9.9 0 0
