1008.7 21.2 95 6.2 0 0
1009.4 21.5 93 6.7 0 0
1009.6 22.2 89 5.8 0 0
1009.9 23.1 86 6 0 0.1
1010.1 22.6 88 6.4 0 0.3
1009.8 21.1 94 11.4 0 0
1009.5 20.1 92 10.8 0 0
1009 20 91 9.5 0 0
1009.1 19.8 89 10.3 0 0
1009.4 19.1 93 11.1 0 0
1009.8 18.2 86 11.5 0 0
1010.2 17.6 87 12.6 0 0
1010.9 17.9 76 12.9 0 0
1011.8 17.9 77 12 0 0
1013 15.9 62 9.2 0 0
1013.7 15.8 60 8.3 0 0
1013.8 16 59 8.2 0 0.5
1014.3 16.7 56 7.8 0 0.5
1014.1 16.7 55 7.4 0 0.9
1013.4 16.6 57 7.8 0 0.3
1012.6 17.1 53 5.2 0 0.4
1011.6 17.4 56 6.9 0 0.6
1011.2 16.7 57 6 0 0.5
1011.2 16.4 54 6.1 0 1
1011.4 15.5 54 6.6 0 1
1011.7 15 54 6.3 0 0.7
1012 14.9 55 6.3 0 0
1012.4 15.1 53 5.1 0 0
1013.2 16 51 6.6 0 0
1013.8 16.1 51 6 0 0.1
1014.2 17 52 6.1 0 0.2
1014.4 17.3 51 5.6 0 0.4
1014.4 17.7 51 6.1 0 0.8
1013.7 18 49 7.8 0 0.9
1013 17.6 47 5.4 0 0.8
1011.9 17.8 51 4.9 0 1
1011.6 17.4 51 5.9 0 0.8
1011.3 16.5 53 5.2 0 0.9
1011.4 16 54 6 0 1
1011.8 15.3 57 5.3 0 0.5
1012.1 15.7 59 6.2 0 0
1012.7 15.7 59 4.7 0 0
1010.5 17.3 71 4.5 0 0
1010.9 17.9 70 4.9 0 0.3
1011.3 18.7 69 4.7 0 0.3
1011.1 19.3 67 5 0 0.9
1011 19.9 66 5 0 1
1010.3 20.3 65 5.2 0 1
1009.5 20.3 67 4.4 0 0.6
1008.5 19.8 67 5.8 0 0.1
1008 20 67 4.2 0 0.5
1007.8 19.9 67 4.2 0 1
1007.9 19.4 70 4.8 0 1
1008.2 18.9 70 6.2 0 0.5
1008.7 18.9 70 5.4 0 0
1009.4 19 70 5.7 0 0
1009 19 60 4.8 0 0
1009.6 19.4 60 6.8 0 0.4
1010.1 20.2 60 7.3 0 1
1010.2 20.8 58 6.7 0 1
1009.8 21.2 57 7.5 0 1
1009.3 21.5 58 7.5 0 1
1008.8 21.4 58 8 0 1
1008.2 21.4 58 7.1 0 1
1008 21.2 61 8.1 0 1
1007.9 20.8 60 8.3 0 1
1008.4 20.4 62 8.2 0 1
1008.9 20 64 7.3 0 0.7
1009.1 20 65 7.6 0 0
1009.5 20.1 66 7.8 0 0
1007.5 20.9 69 6.2 0 0
1008 21.1 69 6.8 0 0.2
1008.3 21.7 71 7.7 0 1
1008.3 22.1 70 7.6 0 0.9
1008.1 22.2 73 7.1 0 0.6
1007.1 22.4 72 7.7 0 0.7
1006.2 22.8 71 7.6 0 0.9
1005.4 22.8 72 6.4 0 0.8
1004.8 22.7 69 6.2 0 0.7
1004.6 22.9 68 6.3 0 0.9
1004.8 22.3 67 6.4 0 0.6
1005 22.2 68 7.4 0 0.3
1005.3 22 67 5.2 0 0
1005.8 22 67 5.9 0 0
1005 21.6 69 4.8 0 0
1005.5 21.8 67 4.4 0 0.4
1005.6 22.2 66 4.9 0 0.6
1006.2 23.3 63 4.5 0 1
1005.7 23.8 60 4.4 0 1
1005.3 24.2 61 3.9 0 1
1004.4 23.6 66 3.4 0 1
1003.5 23.3 72 3.8 0 1
1003 23 73 5 0 1
1002.9 22.5 74 4.6 0 1
1003.2 22.1 78 4.7 0 1
1003.8 21.7 79 4.5 0 0.7
1004.3 21.5 79 4.2 0 0
1004.8 21.7 74 5 0 0
1004.2 20.4 86 3.5 0 0
1004.8 20.6 83 3.7 0 0
1005.3 22 76 3.6 0 0.8
1006 22.8 76 3.6 0 1
1005.9 23.3 73 3.6 0 1
1005.6 23.7 76 3.6 0 1
1005.1 23.3 73 3.5 0 1
1004.7 23.2 72 3.6 0 0.9
1004.6 23 73 2.5 0 1
1004.8 22.3 78 2.4 0 1
1005.1 21.6 79 3.1 0 1
1006 20.6 86 2.5 0 0.7
1006.3 20.7 79 3.8 0 0
1006.9 20.8 80 4.3 0 0
1010.4 19.9 70 9.9 0 0
1011.2 19.9 70 10.5 0 0
1012.1 19.7 69 10.2 0 0
1012.7 19.9 67 11 0 0.6
1012.5 20 64 11 0 1
1012.3 20.1 68 12.1 0 1
1011.5 20 66 12.4 0 1
1011.1 20.1 64 11.4 0 1
1011 19.6 64 12 0 1
1011.2 19.1 69 11.7 0 1
1011.8 18.8 69 10.5 0 1
1012.4 18.7 67 10.8 0 0.3
1013.1 18.7 70 9.7 0 0
1013.7 18.8 63 10.5 0 0
1011.9 19.5 67 11.6 0 0
1012.3 19.7 66 11.5 0 0
1013 19.7 66 13.2 0 0
1013.1 19.9 64 12.4 0 0
1013 19.8 67 14 0 0.1
1012.6 19.9 65 11.8 0 0
1011.8 19.4 72 10.6 0 0
1010.7 19.8 70 11.8 0 0
1010.6 19.4 74 9.3 0 0
1010.2 19.5 74 10.7 0 0
1010.2 19.5 73 11.3 0 0
1010.6 19.5 70 11.7 0 0
1010.9 19.7 72 10.1 0 0
1011.3 19.9 72 10.6 0 0
1009.8 20.3 79 8 0 0
1010.1 20.6 77 7.6 0 0
1010.5 20.9 75 7.2 0 0.1
1010.7 20.9 76 7.1 0 0
1010.4 21.3 75 7.2 0 0.3
1009.8 21.1 73 7.3 0 0
1009.1 21.2 73 6.8 0 0
1008 22 68 6.9 0 0.8
1007.2 20.9 70 7.6 0 0.5
1007 20.9 72 6.8 0 0.1
1006.7 20.4 75 6.4 0 0
1007.1 20.2 76 5.7 0 0
1007.2 20.2 73 6.3 0 0
1007.7 20.6 72 7.9 0 0
1006.4 20.3 76 4.2 0 0
1006.9 20.6 71 4.2 0 0
1007.7 21.4 70 4 0 0
1008 22.4 66 3.9 0 0.6
1007.8 23 67 3.5 0 1
1007.4 23.2 64 3.7 0 0.9
1006.8 22.6 66 3.1 0 0.8
1006.1 22.6 69 3.7 0 0.7
1006 23.2 69 3.4 0 0.4
1006 21.8 75 5.1 0 1
1006.3 21 78 3.2 0 1
1006.7 20.1 80 4.8 0 0.6
1007.3 20 79 4.9 0 0
1007.9 20.2 77 5.2 0 0
1010.8 20 53 6.7 0 0
1011.7 20.2 52 6.7 0 0.2
1012.2 20.8 52 7.7 0 1
1012.5 21.4 50 7.1 0 1
1012.3 22.1 47 8 0 1
1011.7 22.5 47 6.7 0 1
1010.9 22.5 49 7.5 0 1
1010.1 22.1 50 7.1 0 1
1009.7 22 53 7.3 0 1
1009.6 21.6 57 7.3 0 0.9
1009.9 21 60 9.4 0 0.3
1010.2 20.7 59 8.8 0 0
1010.4 20.7 56 8.5 0 0
1010.6 20.6 61 8.7 0 0
1008.5 22 68 6.9 0 0
1009 22.4 68 8.7 0 0
1009.3 22.6 67 6.3 0 0
1009.5 23.1 68 3.6 0 0.4
1009.2 23.1 68 8.5 0 0
1009.1 23.4 68 6.9 0 0
1007.9 23.7 70 10.2 0 0
1007.1 23.4 74 10.9 0 0
1007.1 23.6 74 8.9 0 0
1006.7 22.8 80 9.5 0 0
1007.1 23.1 78 7.4 0 0
1007.6 23.1 77 6.5 0 0
1007.9 23.2 75 7.3 0 0
1008.4 23.3 76 7.5 0 0
1010.3 20.1 81 10.5 0 0
1011 19.6 76 10.6 0 0
1011.7 19.6 73 11.4 0 0
1012.4 20.1 70 10.2 0 0
1012.3 19.9 79 9.3 0 0
1011.9 19.7 83 10.1 0 0
1011.2 19.7 82 10 0 0
1010.7 19.5 78 10.1 0 0
1010.1 20.1 77 10 0 0
1010.3 19.9 80 10.5 0 0
1010.7 19.2 77 11.1 0 0
1011.3 19.7 75 9.8 0 0
1012 19.4 78 10.7 0 0
1012.4 19.1 78 10.7 0 0
1013.1 16.4 82 9.4 0 0
1013.4 16.1 90 8.5 0 0
1014.2 15.5 93 9.4 0 0
1014.5 15.1 91 8.8 0.5 0
1014.7 15.5 86 7.6 0 0
1014.2 15.6 81 8.6 0 0
1013.6 16 76 8.6 0 0
1013 16 75 7.7 0 0
1012.5 15.7 77 9.6 0 0
1012.7 15.3 81 9.5 0 0
1013.1 14.8 83 10 0 0
1013.3 15.5 77 9 0 0
1013.9 15.4 75 9.1 0 0
1013.7 15.3 73 9.6 0 0
1013.1 16.3 80 8 0 0
1013.7 17 70 7.1 0 0
1013.7 17.2 75 7.6 0 0
1014.4 17.1 75 7.3 0 0
1014.3 16.9 75 6.9 0 0
1012.6 17.2 75 8.4 0 0
1012.3 17.6 76 6.5 0 0
1011.5 16.6 83 6.4 0 0
1010.6 17.3 77 7.6 0 0
1010.8 17.7 75 6.8 0 0
1010.8 17.3 81 8.4 0 0
1011.4 17.3 80 7.1 0 0
1011.7 17.3 78 9.6 0 0
1012 17.1 78 9.6 0 0
1010.7 18.7 79 7.1 0 0
1011.4 17.7 83 7.9 0 0
1011.9 17.8 83 8.3 0 0
1011.9 17.8 87 9.2 0 0
1012.3 17.6 91 8.2 0 0
1011.3 17.4 93 7.9 0 0
1010.5 17.5 91 8.4 0 0
1009.8 18.4 84 8.1 0 0
1009.7 17.4 90 8 0 0
1009.4 17.7 90 7.2 0 0
1009.5 17.6 91 7.9 1 0
1009.9 17.6 91 8.9 0.5 0
1010 18 89 8.7 1 0
1010.2 18 90 8 0.5 0
1006 19.1 94 7.1 5 0
1006.4 19.3 95 7.1 5.5 0
1006.2 19.7 95 7.2 4.5 0
1006.7 19.5 94 6.3 1 0
1006.4 19.8 93 6.7 1.5 0
1005.4 19.7 93 6.3 1.5 0
1004.3 20.1 93 5.8 1 0
1002.8 20.2 93 5.9 1 0
1002.6 20.2 94 5.2 1.5 0
1002.5 20.3 94 4.4 2 0
1002.5 20.2 94 4.5 2.5 0
1002.8 20.2 95 4.1 2 0
1002.9 19.8 96 6.7 6.5 0
1003.4 19.6 95 5.6 2.5 0
1004.1 19.3 91 7.8 0 0
1004.5 19.3 88 8 0.5 0
1004.9 19.6 86 7.9 0 0
1005.4 19.9 83 7.9 0 0
1005.4 19.7 80 7.1 0 0
1004.6 19.7 78 6.2 0 0.1
1003.7 20.4 78 5.9 0 0.2
1003.1 20.6 73 6 0 0.8
1002.8 20.2 73 6 0 0.6
1003.2 19.4 76 5.2 0 0.1
1003.5 19.4 78 5.1 0 0.1
1003.7 19.3 77 5.1 0 0
1004.3 19.5 74 5.2 0 0
1004.8 19.8 73 4.7 0 0
1004.4 20 71 4.4 0 0
1004.8 19.9 75 4.4 0 0
1005.6 19.8 75 4.7 0 0
1006.1 20 73 4.2 0 0
1005.9 20 73 3.9 0 0
1005.2 20.1 74 3.9 0 0
1004.7 19.7 74 4.8 0 0
1004.5 18.9 81 6.7 0 0
1004 18.2 90 5.7 0 0
1004 18.3 77 4.2 0 0
1004.5 19.4 67 5.4 0 0
1004.6 19.5 60 4.1 0 0
1005.3 19.6 62 4.3 0 0
1005.5 19.4 61 5.7 0 0
1007.3 19 59 6.5 0 0
1008.1 18.9 57 6.6 0 0
1008.5 19.3 54 5.4 0 0.9
1009.1 19.8 53 5.7 0 1
1009.1 20.4 51 5.8 0 1
1008.4 20.7 49 5.8 0 1
1007.5 20.8 51 6 0 1
1006.8 20.7 50 5 0 1
1006.3 20.4 48 5.7 0 1
1006.2 20.1 49 5.7 0 1
1006.2 19.5 50 5.8 0 1
1006.5 19.2 49 5.4 0 0.6
1007.2 19 53 6.8 0 0
1007.3 19 52 5 0 0
1005.8 20.7 66 4 0 0
1006 21 67 3.8 0 0
1006.4 21.6 66 4.7 0 0.8
1006.8 22.3 66 4.7 0 1
1006.6 22.7 63 7.4 0 1
1006.1 23.2 64 8.8 0 1
1005.1 23.3 63 7.6 0 1
1004.5 23.4 64 7.4 0 1
1003.9 23.2 69 7.4 0 1
1003.8 22.7 70 6.8 0 1
1004.2 22.1 72 6.9 0 1
1004.5 21.5 75 6 0 0.6
1004.8 21.9 71 7.2 0 0
1005 22 73 6.7 0 0
1004 21.4 90 4.5 0 0
1005.3 20.8 92 3.1 0 0
1005.6 21.9 88 2.6 0 0
1006.1 23.1 83 2.9 0 0.1
1006 23.8 81 4 0 0.3
1005 22.9 82 1.6 0 0.3
1004.5 22.6 83 1.5 0 0
1003.6 22.8 82 1.1 0 0
1002.9 22.5 84 0.6 0 0
1002.9 22.6 85 1.2 0 0
1003 21.7 88 2.9 0 0
1003 21.4 88 2.5 0 0.7
1003.6 21.3 89 2.4 0 0
1003.9 21.6 89 3.4 0 0
1003.6 22.5 95 3.6 0 0
1004.1 22.4 94 3.4 0 0.1
1004.7 23 91 3.7 0 0
1004.9 24 81 5.2 0 0.7
1005 24.7 78 5.9 0 0.9
1004.3 25 79 5.8 0 1
1003.3 25.6 77 5.9 0 1
1002.4 24.6 80 5.5 0 1
1001.7 24.8 83 5.8 0 1
1001.5 24 89 7 0 1
1001.5 23.4 92 8 0 1
1001.8 23.1 94 7.7 0 0.5
1002.7 23 94 6.3 0 0
1002.9 23 94 7.4 0 0
1002.6 22.1 96 3.1 0 0
1003.2 22.1 97 4.6 0 0
1003.7 22.5 97 4.7 0 0.3
1004.4 22.8 96 5.1 0 0
1004.4 23.2 95 5 0 0
1003.5 23.7 93 4.5 0 0
1002.5 24.6 87 4 0 0.4
1001.8 25 81 3.2 0 1
1001.4 25.6 73 2.6 0 0.6
1001.5 25.2 75 4.5 0 1
1001.8 24 84 5.3 0 0.7
1002.2 23.3 91 4.2 0 0.1
1002.8 23.4 93 4.6 0 0
1003.3 23.5 94 5 0 0
1005.5 19.1 91 9.5 0 0
1006.5 19.6 89 8.9 0 0
1007.2 19 92 8.7 0 0
1008.1 19 92 8.8 0 0
1008.7 18.5 94 9 0.5 0
1008.6 18 94 8.8 0 0
1008.1 17.8 92 8.6 0 0
1007.8 17.4 93 8.6 0 0
1007.7 17.4 89 8.9 0 0
1007.8 17.3 88 9.2 0 0
1008.1 17.3 88 8.5 0 0
1008.7 17.6 87 8.3 0 0
1009.4 17.5 87 9.9 0 0
1009.9 17.3 89 9.3 0 0
1010.6 18.6 81 8.4 0 0
1010.9 19 81 8.7 0 0
1011.3 19.3 79 8.6 0 0
1011.8 19.7 79 8.4 0 0
1011.8 20.1 79 8.4 0 0
1011.3 20.2 78 7.3 0 0
1010.6 20.5 79 6.4 0 0
1009.8 20.9 79 7.1 0 0
1009.3 20.8 78 6.4 0 0
1009.1 20.7 79 6.6 0 0
1009 20.6 80 6.4 0 0
1009.3 20.8 81 7.5 0 0
1009.6 21 82 7.7 0 0
1009.9 21.1 83 4.9 0 0
1008.8 21.2 95 3.3 0 0
1008.9 21.3 94 4.1 0 0
1009.1 22.2 90 4.6 0 0.4
1009.7 22.4 91 4.8 0 0
1009.7 22.9 89 4.6 0 0.1
1009.2 23.4 86 5.5 0 0.4
1008.4 23.3 86 5.3 0 0
1007.3 23.8 84 5.2 0 0.1
1006.6 23.1 89 5.6 0 0
1006.3 23.1 90 5.9 0 0.4
1006.4 22 94 6.1 0 0
1006.5 21.6 93 7 0 0.2
1006.5 21.2 96 7.5 0 0
1006.9 21.1 96 7.8 0 0
1005.2 20.5 96 3 0 0
1005.7 20.8 97 3.3 0 0
1006 21.4 97 4 0 0
1006.5 22.4 97 3.5 0 0.1
1006.4 23.6 90 3.4 0 0.7
1005.7 24.3 87 3.3 0 1
1004.6 24.8 85 3.4 0 1
1003.8 24.4 86 3.1 0 1
1003.4 24.7 78 3.7 0 1
1003.3 23.7 80 5.1 0 1
1003.4 23 87 5.7 0 1
1003.8 22.2 91 6.6 0 0.7
1004.1 22.3 91 7.7 0 0
1004.5 22 92 7 0 0
1009.4 14.6 92 11.1 0 0
1011 13.3 92 12.4 0.5 0
1012 12.8 88 11.7 0 0
1013.4 12.7 89 11.7 0 0
1013.6 12.8 91 12.7 0.5 0
1013.9 13.1 90 14 0 0
1013.3 13.1 90 11.3 0 0
1013.1 12.7 90 13.8 0 0
1013.3 12.8 87 12.3 0.5 0
1013.7 11.8 89 12.2 0 0
1014.4 11.4 90 12.7 0 0
1015.1 11.8 83 11 0 0
1015.8 12.1 79 10.5 0 0
1016.6 11.9 81 9.8 0 0
