1019.8 19.4 97 1.4 0 0
1020.5 19.7 97 1.2 0 0
1020.9 20.5 97 0.8 0 0.3
1021.3 23.9 78 2 0 0.9
1020.9 24.8 72 0.8 0 0.3
1020 26.3 73 1.5 0 0.5
1019.3 25.2 75 2.1 0 0.4
1018.7 24.4 80 2.4 0 0.3
1018.4 24.2 88 2.9 0 0
1018.6 23.9 78 1.5 0 0
1019.2 23.2 76 2.3 0 0
1019.8 22.5 77 2.8 0 0
1021.3 20.9 79 3.8 0 0
1022.5 20.1 79 4.6 0 0
1023.9 17.3 66 3.5 0 0
1024.5 17.2 64 2.3 0 0
1024.8 17.3 66 2.3 0 0
1024.9 17.9 63 3.4 0 0
1024.8 18.3 62 3.7 0 0
1024 18.7 61 3.5 0 0
1023.2 19.7 55 3.3 0 0.2
1021.8 20.7 56 3.1 0 0.9
1021 20.4 52 2.5 0 1
1021 20.2 51 4.6 0 1
1021.4 19.1 54 3.3 0 1
1022.4 17 60 3.6 0 0.6
1023.1 16 63 2.8 0 0
1023.8 15.3 63 3.1 0 0
1024.7 13 72 2 0 0
1025.5 13.8 67 2.2 0 0.3
1025.8 16.3 63 1.8 0 1
1025.9 19.1 52 1.8 0 0.8
1025.4 18.7 45 0.8 0 1
1024.6 20 50 1.8 0 0.6
1023.7 20.7 47 2.3 0 0.6
1022.6 21 47 3 0 0.5
1022 20.7 47 4 0 1
1021.8 18.4 54 4.7 0 0.4
1022.1 17.9 54 4.6 0 0.1
1022.5 17.4 56 3.7 0 0
1023.2 16.7 60 3.2 0 0
1023.8 15.5 72 1.5 0 0
1021.9 13.2 80 1.7 0 0
1022.2 14.5 75 2.2 0 0.3
1022.5 17.3 66 1.6 0 1
1022.6 19.5 59 1.6 0 1
1021.8 21.4 56 0.3 0 1
1020.9 22.6 56 2.7 0 1
1020.2 23.3 57 3.3 0 1
1018.8 23.1 53 2.4 0 1
1018.2 23.2 55 3 0 1
1018.3 22 57 3.1 0 1
1018.5 21 61 3.8 0 1
1019.3 20.1 67 1.7 0 0.3
1019.7 18.7 80 1.7 0 0
1020.2 18.7 80 1.3 0 0
1019.6 16.9 90 1.2 0 0
1020.3 17.2 91 1.1 0 0
1020.7 18.8 81 0.8 0 0
1020.8 20.7 74 1.4 0 0
1020.3 23.4 67 0.6 0 0.1
1019.7 24.6 63 2.1 0 0.7
1018.9 25 59 3.3 0 1
1018.5 23.6 61 4.8 0 0.3
1018.1 23.7 61 4.5 0 0.4
1018.1 22.9 65 4 0 0
1018.4 22.5 67 5 0 0
1019.1 22.3 65 4.8 0 0
1019.3 21.7 70 2.8 0 0
1019.7 21.1 76 1.3 0 0
1018.4 18.6 97 0.9 0 0
1018.8 18.8 97 1.2 0 0.2
1018.9 19.6 96 0.7 0 0.3
1018.9 22.9 77 0.5 0 0.9
1018.4 24.6 66 0.8 0 1
1017.6 25 63 2.3 0 1
1016.6 25.6 66 2.5 0 1
1015.8 25.7 65 3.1 0 1
1015.2 25.1 67 2.5 0 1
1015.1 24.5 70 2.8 0 0.8
1015.2 23.9 70 2.4 0 0.3
1015.6 23.5 71 1 0 0.1
1015.9 23 76 0.7 0 0
1016.3 21.4 89 1 0 0
1015.9 20.2 94 1.2 0 0
1016.5 19.5 97 1.1 0 0.1
1016.6 22.1 81 0.8 0 0.8
1017.1 23.9 70 1.5 0 1
1016.5 25.4 64 0.4 0 1
1015.7 26 62 1.7 0 1
1014.7 26.5 61 3.2 0 0.8
1013.8 26 59 3.4 0 1
1013.5 25.8 62 2.6 0 1
1013.3 24.4 67 2.5 0 0.5
1013.6 24.1 71 2 0 0
1014.2 23.8 72 1.6 0 0
1014.9 22.7 81 1.2 0 0
1015.4 22.1 85 1.6 0 0
1015 18 93 1.8 0 0
1015.8 18.6 88 1.6 0 0.5
1016.4 21.7 73 1.1 0 1
1016.7 23.9 64 0.6 0 1
1016.6 24.9 62 0.5 0 1
1016 26.2 59 1.9 0 1
1015.3 26.6 52 2.3 0 1
1014.8 26.8 55 2.7 0 1
1014.8 26.1 63 3.3 0 1
1014.8 25.1 66 3.5 0 1
1015.4 24.6 68 3.2 0 0.9
1016.2 23.4 74 4.6 0 0.1
1016.7 22.5 75 3.5 0 0
1017.5 22.4 74 2.6 0 0
1021 19.2 85 1.6 0 0
1021.8 19.9 82 1.4 0 0
1022.5 20.1 80 1.1 0 0
1023.1 21.1 72 2 0 0
1023.3 21.1 72 3.2 0 0
1023.3 20.8 69 4.3 0 0
1023 20.4 70 3.6 0 0
1022.8 19.6 80 1.4 0 0
1022.5 19 86 2 0 0
1022.8 18.7 88 1.3 0 0
1022.9 18.5 91 1.9 0 0
1023.9 18.2 92 2.2 0 0
1024.3 18.1 93 3.6 0.5 0
1024.8 17.9 93 3.7 0 0
1023.2 17.3 97 1.3 0 0
1023.7 17.3 97 1.6 0.5 0
1024.1 17.6 97 1.2 0 0
1024.5 18.2 97 1.1 0.5 0
1024.3 18.4 97 0.7 0.5 0
1023.7 18.8 97 1 0.5 0
1022.8 18.9 97 1.5 0.5 0
1021.9 18.9 97 1.8 0.5 0
1021.6 19 97 0.9 0.5 0
1021.5 18.7 97 1.2 0 0
1021.5 18.5 97 2.1 0 0
1021.6 18.4 97 1.4 0 0
1022.2 18.3 97 1.3 0 0
1022.5 18.2 97 0.6 1 0
1020.7 18.5 97 1.9 1 0
1021.2 18.2 97 2.8 0.5 0
1021.6 18.2 97 2.8 1 0
1021.8 18.5 97 2.3 2 0
1021.3 19.3 97 2 0.5 0
1020.7 19.2 97 3.2 0.5 0
1019.8 19.7 97 2.8 0.5 0
1018.9 19.9 97 2 2 0
1018.2 19.8 97 1.7 2 0
1018 19.9 97 1.3 0.5 0
1017.8 19.8 97 1.2 0.5 0
1017.9 19.6 97 2.6 0 0
1018.2 19.3 97 3.1 1 0
1019 19.1 97 2.1 1.5 0
1017.5 19 97 2.8 0.5 0
1018 19 97 2.1 0.5 0
1018.6 19.7 97 0.8 0 0
1018.9 20.7 94 2.4 0 0
1018.8 21.1 91 0.5 0 0
1018.2 22 86 1 0 0
1017.4 23.1 78 1.1 0 0.2
1016.7 23.7 74 1.5 0 0.1
1016.6 23.4 68 3.1 0 0.3
1016.8 22.6 72 2.3 0 0
1017.1 22 83 1.9 0 0
1017.3 21.5 82 1.3 0 0
1018.1 20.1 90 1.1 0 0
1018.8 19.5 92 1.9 0 0
1021.7 19.2 95 0.7 0 0
1022.6 19.6 93 1.2 0 0
1023.5 20.3 85 1.2 0 0.1
1024 22.4 64 0.4 0 0.7
1023.8 23.2 54 2.7 0 0.9
1022.9 23.9 55 1.9 0 0.9
1022.2 23.9 50 2.6 0 1
1021.4 23.6 52 3.3 0 1
1020.9 24.2 53 2.6 0 1
1020.8 23.3 52 3.2 0 1
1020.7 22.7 54 2.1 0 1
1020.9 21.8 61 1.9 0 0.2
1021.2 20.8 66 1.3 0 0
1021.7 20 79 1.2 0 0
1020.1 18.5 84 2.4 0 0
1020.8 18.5 87 1.6 0 0.1
1021.1 20.3 77 2 0 0.8
1021.4 22.1 69 0.9 0 0.6
1021 23.3 67 0.2 0 0.1
1020.2 24.2 67 1.3 0 0
1019.3 24.9 64 0.7 0 0.1
1018.5 25.1 62 1.4 0 0.1
1018.3 24.6 64 2.5 0 0.1
1018.5 24.7 66 1.5 0 0.6
1018.9 24 71 1.5 0 0.3
1019.4 23 77 0.5 0 0
1019.5 22.3 87 1.2 0 0
1019.6 22 88 0.8 0 0
1020.2 20.9 79 0.4 0 0
1021 20.9 87 0.3 0 0.2
1022.1 22.9 86 2.9 0 0.6
1023 21.5 89 5 0 0
1023.2 20.8 90 3.5 0 0
1022.7 21 84 5.3 0 0
1022.1 21 81 4.9 0 0
1021.5 20.5 85 5.1 0 0
1021.5 19.9 86 3.8 0 0
1021.7 19.3 94 1.1 0 0
1022.3 19.1 94 0.6 0 0
1022.9 18.7 97 2 1 0
1023.3 18.7 97 0.4 2 0
1023.6 18.6 97 1.8 0.5 0
1023.7 18.1 97 0.4 1.5 0
1024.4 17.8 97 1.5 0 0
1024.9 18.1 96 2.9 0 0
1025.5 18.5 91 2 0 0
1025.5 18.2 93 1.3 0.5 0
1025.1 17.7 95 0.6 0 0
1024.5 17.7 94 0.4 0.5 0
1023.5 18 95 2 0 0
1023.3 18.3 88 3.8 0 0
1023.3 17.7 86 4.1 0 0
1023.8 17.5 87 4.3 0 0
1024.2 17.1 86 3.6 0 0
1024.8 16.9 90 2.8 0 0
1024.8 16.6 92 0.6 0 0
1024.4 15.9 97 1 0.5 0
1025 15.9 97 1.9 0.5 0
1025.1 16 97 1.8 0.5 0
1025.4 16.1 97 1.5 1 0
1025.1 16.4 97 1 0.5 0
1024.4 16.7 97 1.3 0.5 0
1022.9 16.9 97 1.3 1 0
1022 17.1 97 1.4 0 0
1021.3 17.6 97 1.2 0 0
1021.6 17.6 97 1 0 0
1021.7 17.2 97 0.7 1 0
1022.2 17.1 97 1 1 0
1022.5 17.1 97 1.6 2.5 0
1022.9 17.2 97 1.3 1.5 0
1021.3 18.3 97 1.2 1 0
1021.9 18.6 97 0.7 3 0
1022.5 18.8 97 0.3 1.5 0
1022.8 19.1 97 0.5 0.5 0
1022.9 19 97 1.1 0.5 0
1022.3 19.1 97 0.7 0.5 0
1021.5 19.1 97 0.5 1 0
1020.5 19.6 97 0.5 1 0
1020.4 19.1 97 2.4 0.5 0
1020.2 19.4 97 3.5 0 0
1020.2 19.4 96 3.1 0 0
1020.7 19.1 97 1.5 0.5 0
1021.2 18.6 97 0.5 1.5 0
1021.1 18.6 97 0.7 1.5 0
1017 18.7 97 2.7 4.5 0
1017.2 18.8 97 1.8 4 0
1017.5 18.9 97 2.1 6.5 0
1017.2 19.4 97 1.2 3 0
1016.7 19.9 97 1.3 4 0
1015.9 20.8 97 0.6 1.5 0
1014.9 22.2 96 0.4 0 0
1013.8 22.6 89 0.5 0 0
1013.1 21.9 96 0.3 0.5 0
1012.6 22.7 95 1.5 0 0
1012.6 22.3 93 0.4 0 0
1013 21.9 94 1.6 0 0
1013.2 21.1 97 0.7 0 0
1013.5 21 97 1 0 0
1014.2 19.4 97 0.5 0 0
1015.1 19.7 97 0.8 0 0
1015.6 20.3 97 0.9 0 0
1015.9 22.3 87 1.3 0 0.5
1015.6 21.8 83 3.3 0 0.1
1015 21.7 83 4.6 0 0
1013.9 21.6 84 4 0 0
1013.1 21.4 85 3.3 0 0
1013 21.2 85 3 0 0
1013.5 20.4 89 2.3 0 0
1014.1 20.2 88 1.5 0 0
1014.8 19.8 89 0.5 0 0
1015.4 19.5 94 1.7 0 0
1016 19.2 95 1.4 0 0
1015 19 97 2.1 0 0
1015.5 19 96 0.9 0 0
1016.4 19 97 1.2 0.5 0
1016.4 19.7 96 0.5 0 0
1016.4 19.9 96 0.5 0 0
1016 20.6 95 0.9 0 0
1015.1 20.3 93 0.6 0 0
1014.7 20 96 0.7 0 0
1014.5 19.8 95 0.5 0 0
1014.9 20 96 0.8 0.5 0
1014.9 19.9 97 1.5 0 0
1015.1 19.2 94 2.6 0 0
1015.5 19.1 92 2.4 0.5 0
1016.3 18.3 88 1.3 0 0
1018.6 15.7 87 1.6 0 0
1019.3 16.4 83 1.6 0 0
1019.8 18 78 1.4 0 0.7
1020.1 19.8 72 1.3 0 0.6
1020 21.4 62 0.5 0 1
1019.3 21.2 60 1.2 0 0.5
1018.3 20.9 63 2.4 0 0
1017.7 21 61 2.4 0 0
1017.3 21.5 61 2 0 0.1
1017.1 21.3 55 1.1 0 0
1017.1 21 57 1.7 0 0
1017.3 20.1 69 1.1 0 0
1017.9 18.1 84 1.7 0 0
1018.2 17.8 82 2.8 0 0
1017.2 16.5 87 2.1 0 0
1017.6 16.2 91 1.3 0 0
1018.1 18.7 81 1.6 0 1
1018.4 21 67 1.3 0 1
1018 22.9 65 0.7 0 1
1017.3 23.4 61 1 0 1
1016.2 24.1 60 1.2 0 1
1015.3 24.2 61 2.8 0 1
1014.7 24.2 63 2.8 0 1
1014.8 24.2 59 2 0 1
1014.9 23.4 62 1.3 0 1
1015.3 21.5 76 2.2 0 0.6
1015.9 19.8 86 2.3 0 0
1016.5 19.2 88 1.7 0 0
1014.9 17.9 89 1.6 0 0
1016 17.9 92 0.6 0 0.2
1016.6 20.3 77 1.4 0 0.1
1017.1 23 69 0.4 0 0.7
1016.7 25 62 0.9 0 1
1015.7 25.2 61 1.7 0 1
1014.7 26 56 1.9 0 1
1013.9 26.4 57 2.8 0 1
1013.9 25.5 68 1.6 0 1
1013.7 25 74 1.4 0 1
1013.7 24.2 78 1.6 0 0.9
1013.9 23.7 81 1.1 0 0.3
1014.4 22.3 91 1.5 0 0
1014.9 21.3 93 1 0 0
1014.9 18.5 97 0.6 0 0
1015.2 18.9 96 1.7 0 0.1
1015.6 21.5 86 1.4 0 1
1015.9 24.3 71 0.8 0 1
1015.9 26.4 68 1.5 0 1
1015.2 26.7 66 2.2 0 1
1014.1 26.6 72 2.2 0 1
1013.2 26.8 74 2.6 0 1
1012.6 26.7 75 2.8 0 1
1012.2 25.8 80 3.8 0 1
1012.3 25.4 84 3.6 0 1
1012.6 24.3 90 2.8 0 0.8
1013.2 24 92 2.4 0 0
1013.8 23.7 93 2.1 0 0
1013.8 20.2 97 0.8 0 0
1014.4 20.3 97 0.5 0 0.3
1014.6 22.5 91 0.3 0 1
1015.1 25.2 78 0.2 0 1
1015 27.1 72 1.3 0 1
1014.4 27.8 70 1.7 0 1
1013.5 26.5 71 2.5 0 1
1012.7 27.7 74 3.1 0 1
1012 27.3 78 2.4 0 1
1012.1 26.9 81 2.8 0 1
1012.3 26.2 86 2.7 0 0.3
1012.8 25.5 92 2.3 0 0.1
1013.6 25 93 1.5 0 0
1014.1 23.8 97 0.8 0 0
1016.1 21.3 97 3.9 0 0
1017.1 21 97 3.6 0 0
1018 21.1 97 3.9 0 0
1018.8 21.8 95 2.4 0 0
1019.2 22.1 93 3.7 0 0
1018.8 21.9 92 4.5 0 0
1018.2 21.8 92 5.6 0 0
1017.8 21.6 88 5.5 0 0
1017.9 21.1 88 5.6 0 0
1018.1 20.8 88 5.4 0 0
1018.7 20.3 90 5 0 0
1019.4 19.9 91 4.1 0 0
1020.2 19.7 91 4.4 0 0
1021 19.5 93 3.6 0 0
1021.9 17.9 97 1.2 0 0
1022.4 18 97 1.8 0.5 0
1022.9 18.4 97 1.6 0.5 0
1023.2 18.7 97 1.1 0 0
1023.2 19 97 1.2 0.5 0
1022.6 19.4 97 0.8 0.5 0
1021.7 20 97 0.3 0 0
1020.8 20.5 97 0.9 0 0
1020.1 21.7 96 0.3 0 0.1
1019.9 21.6 93 0.5 0 0
1019.9 21.7 93 0.7 0 0
1020.6 21.2 94 0.4 0 0
1021 20.5 97 0.8 0 0
1021.3 20.3 97 1.5 0 0
1020 18 97 0.9 0 0
1020 18 97 0.7 0 0
1020.4 19.8 97 0.8 0 0.3
1020.7 22.1 92 0.4 0 0.3
1020.7 24.4 81 1.5 0 1
1020.2 24.5 80 1 0 0.2
1019.3 24.8 86 2.8 0 0.2
1018.3 24.4 90 2.2 0 0.4
1017.3 25.1 87 3.1 0 0.7
1016.9 25.4 86 3.7 0 1
1016.9 24.3 92 3.8 0 1
1017.1 23.7 93 2.3 0 0.3
1017.7 23.2 95 2.1 0 0
1018.1 23.3 94 2.5 0 0
1016.4 19.5 97 1.3 0 0
1016.7 19.3 97 1.5 0 0.3
1017.1 21.4 92 0.3 0 1
1017.4 24 78 0.7 0 1
1017 26.2 69 0.5 0 1
1016.3 27.6 63 1.8 0 1
1015.4 27.1 68 2.5 0 1
1014.9 26.7 71 2.6 0 1
1014.5 26.4 70 1.9 0 0.7
1014.5 25.6 74 2.2 0 0.2
1014.6 25.1 78 1.8 0 0
1015.1 24.7 80 1.4 0 0
1015.5 23.5 90 0.8 0 0
1016 23.4 90 1.4 0 0
1019.2 20.1 87 5.9 0 0
1020.8 19 83 5.8 0 0
1022.9 18.1 82 5.4 0 0
1024.4 17.6 80 4 0 0
1025 17.6 77 3.8 0 0
1024.9 17.4 75 3.6 0 0
1024.4 17.3 76 3.2 0 0
1024 17 76 3 0 0
1024.1 16.6 76 3.6 0 0
1024.4 16.2 78 3.8 0 0
1025.1 15.8 79 3.3 0 0
1025.9 15.2 77 2.8 0 0
1027 14.9 77 2.3 0 0
1027.8 14.5 77 3 0 0
