1016.8 21.3 90 1.8 0 0
1017.1 21.5 89 2.1 0 0
1017.5 23.3 81 0.7 0 0
1017.6 24.4 79 1.1 0 0.4
1017.1 24.7 74 1.3 0 0.4
1016.2 25.1 77 1.3 0 0.1
1015.3 25.4 78 1.1 0 0.2
1014.1 25.5 77 0.7 0 0
1013.6 25.2 74 0.6 0 0
1013.6 24.7 79 2.5 0 0
1013.7 24.8 77 2.1 0 0.1
1014.5 24.2 79 1.5 0 0
1015 23.6 84 1.3 0 0
1015.5 23.1 85 1.4 0 0
1017.7 17.7 88 5 0.5 0
1018.4 17.8 85 4.9 0 0
1018.7 18.1 84 4.7 0 0
1019.2 18.1 83 4.7 0 0
1018.8 19.1 77 4.3 0 0
1018.4 19.3 72 5.3 0 0
1017.7 19.3 74 4.1 0 0
1016.8 18.4 79 4.9 0 0
1016.6 18.2 80 4.7 0 0
1016.6 18.5 77 4.5 0 0
1016.7 18.1 77 5.4 0 0
1017.5 17.7 79 4.3 0 0
1017.7 17.8 78 3.9 0 0
1018.1 17.9 75 4.8 0 0
1018.2 18 59 3.6 0 0
1019.1 17.6 58 3.7 0 0
1020 18.8 54 5.1 0 0
1020.4 19.2 54 4.9 0 0.1
1020.2 19.7 53 5.2 0 0
1019.5 21.3 50 4.8 0 0.2
1018.8 20.9 52 4.7 0 0.4
1017.8 22.1 51 5 0 0.7
1017.1 20.9 51 5.3 0 0.9
1016.7 20.7 50 4.5 0 0.7
1016.5 19.6 55 4.1 0 0.9
1017.1 18.1 60 2.4 0 0.1
1017.6 18.1 55 3.2 0 0
1018.2 18.3 52 3.2 0 0
1017.4 15.9 70 1.7 0 0
1017.8 17.9 60 2.5 0 0.1
1017.8 21.2 51 2 0 0.9
1017.8 22.3 49 3.2 0 1
1017.5 23.3 49 3.4 0 1
1016.7 23.9 49 3.9 0 1
1015.6 24 47 3.6 0 1
1014.2 24.6 46 3.2 0 1
1013.6 24.3 47 3.4 0 1
1013.7 23.3 49 3.5 0 0.6
1014 22.2 52 2.9 0 0.6
1014.6 21.4 56 2.6 0 0.4
1015.2 20.1 60 3 0 0
1015.6 18.9 67 3.3 0 0
1014.9 21 59 3 0 0
1015.4 20.9 61 3 0 0.2
1016.1 23 56 4.2 0 0.8
1015.9 24.3 51 5 0 1
1015.4 25.1 51 5.1 0 1
1014.8 25.4 52 5.4 0 1
1014.4 25.8 52 5.3 0 1
1013.7 25.8 52 5.4 0 1
1013.2 24.7 56 5.1 0 0.8
1013.3 24 56 5.2 0 0.5
1013.9 23.6 59 3.4 0 0
1014.5 23.1 62 3.1 0 0
1014.7 22.9 63 3 0 0
1015.2 22.9 64 3.1 0 0
1014 20.6 77 2.5 0 0
1014.1 21.2 70 2.6 0 0.5
1014.4 23.4 64 3.7 0 1
1014.4 24.9 59 4.2 0 1
1014 25.8 60 4.1 0 1
1013.3 25.9 58 4.7 0 1
1012.6 26 60 5.1 0 1
1011.8 24.9 65 4.6 0 0.6
1011.1 25.3 64 4.2 0 0.3
1010.7 25 65 4.8 0 0.9
1011 24.4 67 3.1 0 0.9
1011.6 23 69 2.7 0 0.3
1011.9 22.3 68 3.5 0 0
1012.5 22.1 71 2.2 0 0
1011.7 19 76 2.7 0 0
1012.3 19.8 74 2.6 0 0
1012.4 23.7 66 2.4 0 0.6
1012.7 25.2 64 3.6 0 0.9
1012.4 26.2 63 3 0 1
1011.7 26.4 62 3.9 0 1
1011 26.9 63 3.5 0 1
1010.1 25.5 69 2.9 0 0.2
1009.5 24.8 69 2.8 0 0.1
1009.4 24.6 69 1.7 0 0
1009.8 24 70 1.7 0 0
1010.3 23.2 70 2.3 0 0
1010.9 22.8 71 2 0 0
1011.2 23.2 69 1.9 0 0
1011 19 66 4.1 0 0
1011.5 20 65 3.6 0 0.4
1012 24 62 1.9 0 1
1012.6 25.7 58 2.8 0 1
1012.4 26.3 58 3.3 0 1
1012 26.4 55 3.2 0 1
1011.3 27.2 48 2.9 0 1
1010.4 27.2 48 3.1 0 1
1010.4 25.7 58 3.1 0 0.8
1010.6 25.6 58 3.6 0 1
1010.8 24.9 63 3.5 0 1
1011.4 23.3 68 3 0 0.3
1011.9 22.9 68 3 0 0
1012.6 22.9 65 3.3 0 0
1014.9 22.8 61 6.7 0 0
1015.8 22.7 61 5.5 0 0
1016.3 23.7 58 7.2 0 0.8
1016.9 24 59 6.5 0 0.6
1016.9 24.8 62 7.6 0 0.4
1016.4 25.3 63 8 0 0.9
1016 25.1 67 10 0 1
1015.8 24.9 67 7.6 0 0.9
1015.5 24.2 69 9.5 0 0.9
1015.6 22.9 70 6.9 0 0.7
1016.2 22 71 6.4 0 0.1
1017.2 20.8 77 7.6 0 0
1017.8 20 83 7.5 0.5 0
1018.4 20.8 76 7.4 0 0
1017.5 21.7 59 4.7 0 0
1018 21.9 57 4.3 0 0
1018.7 21.7 62 3.4 0 0
1018.9 22.3 61 5.7 0 0
1018.9 22.4 68 5.9 0 0
1018.2 22.9 65 6.1 0 0
1017.4 22.9 72 4.9 0 0.2
1016.4 24.3 63 6.4 0 0.7
1015.9 24.2 64 6.2 0 0.8
1015.6 23.9 65 5.1 0 1
1015.9 22.5 68 4.6 0 1
1016.2 21.8 69 4.3 0 0.4
1016.7 21.7 79 4.3 0 0
1017.3 21.6 72 3.5 0 0
1015.1 19.4 81 1.5 0 0
1015.6 20.5 76 2.9 0 0
1016.3 22.1 72 2 0 0.3
1016.3 24.3 64 4.4 0 0.8
1016.1 24 69 5.6 0 0.9
1016 22.9 78 7.5 0 0.4
1015.3 23.4 73 3.3 0 0.4
1014.2 22.3 79 4.4 0 0.1
1013.3 24.1 66 3.8 0 0.5
1012.8 24.7 65 4.3 0 1
1012.7 23.1 71 4.5 0 0.2
1012.9 22.3 71 3.1 0 0
1013.3 22.3 69 3.6 0 0
1013.8 21.7 72 2.5 0 0
1012.3 19.9 78 2.6 0 0
1012.7 22.1 74 3.1 0 0
1013 23 71 1.2 0 0
1013.5 23.9 71 4.7 0 0.1
1013.2 24 75 6.3 0 0.2
1013 24.4 75 7.2 0 0.4
1012.5 25.2 73 5.8 0 0.4
1011.7 25.4 73 5.6 0 0.5
1011.4 24.6 72 6 0 0.2
1011.3 24.6 75 4.8 0 0
1011.6 23.8 77 4.8 0 0.1
1012.3 23.1 79 5.2 0 0
1013.3 22 83 4.2 0 0
1014 22 77 5.1 0 0
1015.3 22.8 69 5.9 0 0
1016.2 22.5 72 5.6 0 0
1017.1 22.7 71 4.5 0 0
1018.2 20.8 88 6.4 0 0
1018.4 20.5 87 4.7 0.5 0
1018.2 20.3 81 5.7 0 0
1017.5 22.5 64 4.6 0 0
1016.6 23.1 58 5.5 0 0
1016.3 23.2 56 5.4 0 0
1016.2 23.7 55 6 0 0.6
1016.1 23 58 4.5 0 0.7
1016.3 22 60 4.9 0 0
1016.8 22.1 58 5.1 0 0
1017.2 22.2 59 5.2 0 0
1015.9 19.8 52 3.2 0 0
1016.4 21.4 55 3.6 0 0
1017 23 66 2.5 0 0
1017.3 24.2 63 3.8 0 0.3
1017.1 25.3 61 3.6 0 0.3
1016 26.5 58 3.4 0 1
1015.1 26.2 59 3.4 0 1
1014.4 26.5 61 4 0 1
1014.1 24.8 66 4.2 0 0.2
1014.5 24.3 68 3.8 0 0
1014.6 24 70 3.5 0 0
1015.2 23.7 71 3.5 0 0
1015.8 23.5 70 2.2 0 0
1016.3 22.9 74 1.3 0 0
1015.3 22.1 65 0.3 0 0
1015.9 24 64 4.1 0 0
1016.3 24.7 69 3.3 0 0
1017.1 25.3 64 4.6 0 0
1017.1 26.2 61 4.9 0 0.7
1016.5 26.2 65 5.2 0 0
1015.6 26.2 69 8.8 0 0.4
1015 25.1 74 7 0 0.2
1014.7 24.6 77 8.2 0 0
1015.1 23.6 79 7.1 0 0
1015.4 23.1 76 8.3 0 0
1015.9 22.6 76 6.8 0 0
1016.8 22.6 75 6.9 0 0
1017.5 22.5 74 5.9 0 0
1016.5 22.2 74 6.5 0 0
1017.1 22.3 76 8.2 0 0
1017.7 22.5 77 6.5 0 0
1018.4 22.2 78 8.3 0 0
1018.5 22.4 75 7.6 0 0
1017.8 22.4 74 7.8 0 0
1017.3 22.4 73 8 0 0
1016.4 22.9 72 7.8 0 0.2
1016.4 22.5 70 6.8 0 0.3
1016.6 21.8 71 7.4 0 0
1016.6 21.3 74 7.3 0 0
1016.8 21.2 73 5.2 0 0
1017.2 21.2 71 7.2 0 0
1017.6 20.7 76 8.6 0 0
1018.5 20.3 72 5.5 0 0
1019 20.2 71 4.7 0 0
1019.1 21 73 4.7 0 0
1019.6 21.7 68 5.6 0 0
1019.4 22.3 67 4.9 0 0
1018.6 22.5 68 5.3 0 0
1017.5 23.4 64 5.1 0 0.1
1016.4 22.6 68 5.6 0 0.1
1015.7 22.2 71 4.4 0 0
1015.6 22 74 5.1 0 0
1016 21.6 76 3.6 0 0
1016.4 21.4 76 3.5 0 0
1017.1 21.5 74 4.7 0 0
1017.3 21.1 76 2.4 0 0
1015.9 21.9 70 2.8 0 0
1016.4 21.2 75 1.8 0 0
1016.5 22.7 70 4.1 0 0
1017.1 23.5 70 3.3 0 0
1016.8 24 74 4.3 0 0
1016.2 24.5 71 5 0 0.1
1015.1 25.1 71 6.2 0 0.4
1014.5 24.4 72 6.4 0 0.1
1014 24.3 76 5.4 0 0
1013.7 23.8 77 5.6 0 0
1013.9 23.5 79 6.4 0 0
1014.3 23 78 6.5 0 0
1014.6 23.1 77 4.5 0 0
1014.9 22.9 76 5.1 0 0
1011.4 22.2 79 2.6 0 0
1011.8 22.2 80 1.7 0 0.1
1012.2 23.5 75 2.6 0 0.1
1012.2 24.5 74 2 0 0
1011.6 26 66 3.7 0 0.6
1011.1 25.5 73 4.6 0 0.6
1009.9 25.8 73 4 0 0
1009.1 25.7 73 4.7 0 0.3
1008.4 24.8 77 4 0 0.2
1008.7 23.9 78 3 0 0
1008.8 22.4 88 4.1 0 0
1009.1 22.8 84 3.6 0 0
1009.7 23 79 3.3 0 0
1010.1 22.8 82 2.9 0 0
1009.6 21.3 96 1 0.5 0
1010.5 21.2 97 0.6 2 0
1011.1 21.5 97 1.8 0.5 0
1011.5 21.7 94 2.1 1 0
1011.3 22 92 3.1 0 0
1010.9 21.8 92 4.3 0 0
1009.9 22.6 89 3.9 0.5 0
1009.1 22.2 86 4.3 0 0
1008.7 22.2 84 4.2 0 0
1008.8 21.5 88 3.2 0 0
1009.4 21.2 91 2.2 0 0
1009.8 21 92 3.4 0 0
1010.6 21.2 89 4.1 0 0
1011.2 21.2 89 3.2 0 0
1010.5 20.4 92 1.8 0 0
1010.9 21.1 89 1.5 0 0
1011.4 21.5 86 1.4 0 0
1011.5 21.9 86 2.4 0 0
1011.4 22.3 86 2.6 0 0
1010.9 22.4 88 3.4 0 0
1009.8 23.5 82 3.4 0 0
1009.1 23.2 82 3.8 0 0.1
1008.8 22.6 88 4.9 0.5 0
1008.8 22.8 83 4 0 0
1009.2 22.5 83 4.9 0 0
1010 21.4 86 5.1 0 0
1010.9 21 88 4.6 0 0
1011.3 21 87 4.9 0 0
1012.7 21.3 55 5.5 0 0
1013.3 21.3 56 6.5 0 0
1014.1 21.5 55 5.8 0 0
1015 21.5 57 5.6 0 0
1014.9 21.4 58 5.3 0 0
1014.7 20.9 61 4.9 0 0
1014 20.9 61 4 0 0
1013.3 20.7 65 3.1 0 0
1012.7 21.1 64 3 0 0
1012.6 21.1 60 4.1 0 0
1012.6 21.1 60 3.2 0 0
1013 21 61 2.7 0 0
1013.6 21 61 3.7 0 0
1013.9 20.8 63 2.8 0 0
1013.3 19.6 74 2.2 0 0
1013.6 19.8 73 2.4 0 0
1014.1 20.8 73 2.5 0 0
1014.6 22.6 66 1.5 0 0
1014.3 23.1 64 2.1 0 0
1013.6 23.2 64 1.9 0 0
1012.7 22.6 69 1 0 0
1011.9 22.1 70 1.3 0 0
1011.3 22.1 69 1.6 0 0
1011 22.2 69 1.5 0 0
1011.1 22.1 70 1.3 0 0
1011.6 21.9 69 1.3 0 0
1012.1 21.4 74 1.8 0 0
1012.4 21.3 76 1.8 0 0
1011.3 21.2 82 2.7 0 0
1011.8 21.2 83 1.7 0 0
1012.5 22.6 83 1 0 0
1013.2 23.5 80 0.8 0 0
1013.1 23.9 74 1.6 0 0
1012.2 24.9 70 0.9 0 0
1011.2 24.8 72 1.7 0 0
1010 25.6 73 2.1 0 0.4
1009.4 26.4 71 1.8 0 0.9
1009.5 25.2 75 2.5 0 0.8
1009.7 24.7 77 1.9 0 0
1010.1 24 79 1.3 0 0
1010.6 23.8 79 1.6 0 0
1011 23.3 82 1.5 0 0
1010.7 22.7 83 1.9 0 0
1011.4 22.7 85 1.9 0 0
1011.9 23 88 1.6 0 0
1012.6 23.5 93 1.6 0.5 0
1012.6 24.2 91 2.2 0 0
1011.9 24.8 88 2.5 0 0
1010.6 26.1 85 2.8 0 0.4
1009.9 25.9 83 2.5 0 0.8
1009.5 24.9 84 2.6 0 0
1009.2 24.2 90 2.6 0 0
1009.3 24.2 90 1 0 0
1009.7 23.5 94 2.4 0 0
1010.3 23.3 95 1.6 0 0
1010.7 23.1 96 0.7 0 0
1010.3 23.6 95 1.5 0.5 0
1010.9 23 98 2.5 2 0
1011.4 23.5 96 2.8 0.5 0
1011.8 24.2 96 2.3 0.5 0
1011.7 25.1 93 2.4 0 0
1010.9 25.6 91 2.1 0 0.1
1010 25.6 88 1.1 0 0
1009.2 25.9 88 1.6 0 0.2
1008.7 25.7 89 0.8 0 0.1
1008.7 25.3 90 0.7 0 0.1
1008.9 25.4 88 1.1 0 0
1009.2 25.1 92 0.5 0 0
1009.9 24.7 94 0.3 0 0
1010.5 24.4 94 1.3 0 0
1010.6 23.6 93 2.2 0 0
1011.4 24.2 92 1.8 0 0
1012.3 24.8 88 4.4 0 0
1013.2 23.9 91 5.4 0 0.1
1013.5 23.4 95 5.6 1 0
1013.3 23.3 96 5.8 1 0
1012.6 24.6 89 4.8 0 0.3
1012 24 91 6.3 0.5 0.6
1011.8 24.3 86 6.7 0 0.5
1012 24 85 6.4 0 0.5
1012.3 23.2 87 6.3 0 0.1
1013 22.9 86 6.3 0 0
1013.7 22.7 85 6.5 0 0
1014.4 22.5 84 6.1 0 0
1015.9 22.1 78 5.7 0 0
1016.4 22 79 4.9 0 0
1017.1 22.6 78 5 0 0
1017.8 23.2 77 5.4 0 0
1017.9 23.6 76 6.1 0 0
1017.5 24.3 74 3.2 0 0
1016.6 24.6 73 6 0 0.1
1015.9 25.1 75 5.9 0 0.5
1015.4 24.8 80 4.9 0 0.7
1015 24.4 78 5 0 0.5
1015.3 23.6 80 4.4 0 0.8
1015.9 23.1 83 3.5 0 0
1016.5 21.7 91 2.2 0.5 0
1016.8 22 90 2.2 0 0
1015.9 20.4 87 2.9 0 0
1016.3 21.2 85 2.5 0 0
1016.8 23.6 80 0.3 0 0.3
1017.3 25 78 0.8 0 0.6
1017.3 25.1 82 2.1 0 0.4
1016.8 26.3 81 2.8 0 1
1015.7 25.6 80 3.1 0 0.8
1014.7 25.8 75 1.6 0 0.7
1014.2 25.3 80 0.7 0 0
1013.7 24.7 81 2.5 0 0
1013.6 24.7 81 1.6 0 0
1013.8 24.3 84 1.5 0 0
1014.1 23.8 84 1.9 0 0
1014.7 23.7 84 2.3 0 0
1012.5 21 87 3.3 0 0
1013 21.6 87 2.8 0 0.3
1013.5 25.2 75 0.5 0 1
1013.6 25.8 74 0.9 0 1
1013.4 26.8 75 1.5 0 1
1012.8 27 71 1.6 0 1
1011.8 26.9 72 1.9 0 1
1010.9 27.1 73 1.5 0 1
1010.5 27.2 72 1.5 0 1
1010.2 26.8 71 1.7 0 1
1010.6 25.9 72 1.5 0 0.9
1011.1 24.5 78 1.4 0 0.3
1011.7 23.6 86 2.6 0 0
1012.3 23.4 82 2.8 0 0
1013 22.2 89 3.9 0.5 0
1013.4 23.3 74 3.6 0 0.1
1014.1 25.7 68 2.9 0 0.5
1015.8 22.2 85 9.8 0 0.4
1016.4 20.7 91 9.2 1 0.3
1016.2 21 85 9.3 0 0.3
1016 21.6 74 9.4 0 0.9
1015.9 20.6 73 8.7 0.5 0.4
1016 19.7 76 7.6 0 0.1
1016.2 19.3 74 8.5 0 0
1017 18.9 74 7.7 0 0
1017.9 18.5 74 7.5 0 0
1018.7 18.2 74 8 0 0
1019.4 18.1 75 7.6 0 0
