770 7.7 100 0.1 0 0
770.5 7.3 99 0.4 0 0
771 9.6 94 0.7 0 0.3
771.4 10.4 92 1.2 0 0.6
771.4 9.9 100 1.1 0 0
770.6 8.9 100 0.4 0 0
769.9 9.1 100 0.6 0 0
769.2 9.1 100 0.5 0.5 0
768.7 8.8 100 0.3 0.5 0
768.3 9.1 100 1.8 0.5 0
768.5 8.7 100 1.4 0 0
768.6 8.2 100 1.1 0 0
768.8 7.5 100 1.3 0 0
769.3 7.6 100 1.5 0 0
767.7 7.8 100 1.1 0 0
768 7.7 100 2.2 0 0
768.1 7.9 100 0.4 0 0
768.5 8.3 99 1.3 0 0
768.4 8.9 96 1.3 0 0
768 8.9 97 1.3 0 0
767.5 9.8 92 1.7 0 0
767 9.8 93 1.7 0 0
766.6 10.8 90 1.1 0 0.2
766.6 9.6 88 0.9 0 0.2
766.5 7.2 66 1.1 0 0.9
766.7 4.8 57 0.5 0 0.9
766.8 4.2 55 0.3 0 0
767 5 30 1 0 0
766.7 4.7 23 0.9 0 0
767.2 5.2 18 1.6 0 0
767.8 6.6 24 1.2 0 0.6
768.1 9.5 28 1.2 0 1
767.9 11.6 25 0.6 0 1
767.5 12.9 30 0.9 0 1
766.8 12.8 25 1.1 0 1
766.3 9.8 69 0.8 0 0.9
765.7 11.4 49 0.9 0 0.9
765.5 9.9 29 0.8 0 1
765.3 8.3 19 0.9 0 1
765.4 7.3 38 1.5 0 0.9
765.9 6.7 22 1.1 0 0
766.4 6 28 1.6 0 0
766.1 4 22 1.1 0 0
766.4 6.2 23 0.9 0 0
766.8 7 25 2.2 0 0.6
766.9 10.5 23 1.2 0 1
766.9 11.9 33 1.2 0 1
766.5 12.3 29 1 0 1
766 12.5 43 1.3 0 1
765.4 11.7 66 1.5 0 1
765 11.5 66 0.8 0 1
764.9 10.1 59 0.7 0 1
764.9 9.4 59 0.9 0 1
765.3 9 37 1.8 0 0.9
765.7 9 32 1.2 0 0
766.1 10 21 2 0 0
765.3 8 33 2.1 0 0
765.9 7.4 42 1.4 0 0
766.5 9.7 42 1.4 0 0.6
766.8 12.4 27 0.9 0 1
766.7 13.2 33 1 0 1
766.4 13.8 41 0.9 0 1
766 13.3 35 0.9 0 1
765.6 12.3 75 1 0 1
765.4 11.8 57 0.5 0 1
765.4 11.5 66 0.7 0 1
765.5 10.9 89 0.3 0 0.2
765.9 9.6 87 0.1 0 0.1
766.1 8.2 82 1.4 0 0
766.4 7.6 52 1.2 0 0
765.8 5.6 27 0.4 0 0
766.3 5.8 28 0.1 0 0
766.6 9 19 0.5 0 0.6
766.7 11.6 38 1 0 1
766.7 12 46 1.1 0 1
766 12.6 60 1.1 0 1
765.6 12 64 1.1 0 1
764.8 11.8 67 1.1 0 1
764.5 11 70 0.9 0 1
764.3 10.5 75 1 0 1
764 8.5 85 0.7 0 1
764.4 6.8 91 0.7 0 0.9
764.6 6.6 83 0.2 0 0
764.9 6.1 88 0.9 0 0
764.7 5 39 0 0 0
765.2 5.2 36 0.5 0 0
765.4 7.4 27 0.6 0 0.6
766 11.4 43 0.4 0 1
766 12.2 45 0.8 0 1
765.5 12.8 46 0.8 0 1
765 12.3 52 0.6 0 1
764.3 10.9 60 1.4 0 1
763.9 11.5 71 0.9 0 1
763.8 10.1 87 0.6 0 0.6
763.6 8 99 0.2 0 0
763.8 6.6 93 1 0 0.1
764.2 6.3 96 1.7 0 0
764.7 6.8 70 1.5 0 0
764.9 6 18 1.1 0 0
765.2 7.9 16 0.1 0 0
765.8 9.3 17 0.5 0 0.6
766.4 13.5 16 0.7 0 1
766.4 15.8 12 1 0 1
766.1 16.1 12 1.1 0 1
765.7 15.3 48 0.9 0 1
765.2 13.7 59 0.9 0 1
764.8 13 55 0.6 0 1
764.7 11.5 54 0.6 0 1
764.8 9.9 58 1 0 1
765.2 9.4 50 0.7 0 0.9
765.3 10.5 15 1 0 0
765.7 9.7 16 0.8 0 0
766.6 7.3 31 1.5 0 0
767.3 7.6 26 0.8 0 0
767.6 9.8 31 0.2 0 0.6
768.2 14.2 23 0.6 0 1
768.4 14.1 31 1.1 0 1
768 14.9 37 0.8 0 1
767.5 13.9 47 1 0 1
767 13.8 61 1.4 0 1
766.8 12.3 76 1 0 1
766.6 11.7 88 0.8 0 1
766.6 10.3 98 0.4 0 0.3
767.1 8.9 91 1.1 0 0.6
767.4 8.9 88 0.8 0 0
767.8 6.9 65 0.7 0 0
767 6.5 47 1.3 0 0
767.5 7.2 39 0.4 0 0
767.9 8.2 50 0.4 0 0.6
768.3 10 53 0.4 0 1
768.4 11.4 59 0.8 0 1
768.1 11.4 61 1 0 1
767.7 11.3 76 0.8 0 1
767.1 9.6 90 0.8 0 0.7
766.8 10.1 94 0.7 0 0
766.6 8.7 98 0.6 0 0
766.7 9.2 98 0.4 0 0
767 8.4 99 0.2 0 0
767.3 7.9 100 0.4 0 0
767.6 7.3 100 1.4 0 0
767.1 8.1 41 1.1 0 0
767.7 7.4 44 0.5 0 0
768 9.2 43 0.6 0 0.6
768.1 12.2 40 1.2 0 1
768.1 13.5 28 0.9 0 1
767.7 14.3 39 1 0 1
767.1 14.3 50 0.9 0 1
766.1 13.4 49 0.6 0 1
765.7 11 89 0.6 0 0.7
765.5 11.5 86 0.4 0 0.9
765.4 9.6 87 0.4 0 1
765.5 8.6 84 0.9 0 0.8
765.9 7.9 88 1.4 0 0
766.3 7.2 74 1.3 0 0
766 7.7 96 0.4 0 0
766.4 8 92 0.6 0 0
767 10.3 85 0.8 0 0.5
767.3 10.7 88 1.1 0 0.7
767.4 10.8 87 0.7 0 0.6
767.2 11.4 83 0.8 0 0.1
766.8 11.6 82 1 0 0.2
766.1 10.2 94 0.8 0 0.2
766 9.9 96 0.9 0 0
765.8 9.9 94 1.5 0 0
765.9 10.7 91 0.9 0 0.1
766.3 9.3 89 0.4 0 0.1
766.8 8.8 91 0.7 0 0
767 8.2 93 0.7 0 0
767.8 7.9 94 0.5 0 0
768.3 9.5 85 1.1 0 0
768.7 10.4 87 0.6 0 0
769 11.5 83 1.3 0 0.3
769 12.9 77 0.9 0 0.8
768.6 14.4 75 1.1 0 1
768.1 13.6 75 0.8 0 1
767.6 13.2 79 0.5 0 0.6
767.3 13.4 84 0.7 0 0.2
767.2 12.5 91 0.6 0 0.6
767.4 11.8 96 0.4 0 0
767.6 11.2 100 0.5 0 0
767.8 10.6 97 1.2 0 0
768.2 10.8 93 1 0 0
768.2 10.6 97 1.4 0 0
768.9 11.1 94 0.6 0 0
769.2 12.5 84 0.4 0 0
769.8 12.9 88 0.3 0 0
770.1 12.3 91 0.9 0 0
769.7 13.3 88 0.6 0 0
769.2 12.9 97 0.4 0 0
768.6 12.9 95 0.6 0 0
768.3 13.3 93 0.5 0 0
768.3 13.7 91 1 0 0
768.7 13.2 92 0.3 0 0
769.2 12.1 96 0.6 0 0
769.6 12 95 0.4 0 0
770 11.6 100 1 0 0
769.2 11 100 0.2 0 0
769.4 11.1 100 0.4 0 0
769.9 11.6 100 0.3 0 0
770 13.1 96 0.4 0 0.4
770.2 12.5 97 1.5 0 0
769.8 12.3 96 0.9 0 0
769.3 12.4 98 0.6 0 0
768.7 12.8 94 0.4 0 0
768.3 12.6 94 1.3 0 0
768.1 12.7 95 0.5 0 0
768.4 12.2 97 0.7 0 0
768.8 11.7 100 0.8 0 0
769.1 11.6 100 0.5 0 0
769.5 11.3 100 1.3 0 0
769.1 10.2 100 0.6 0 0
769.2 10.1 100 0.5 0 0
769.7 10.2 100 0.6 7 0
769.9 10.8 100 0.6 3.5 0
769.9 10.7 100 0.7 0 0
769.6 10.7 100 1.3 0 0
769 10.7 100 1.2 0 0
768.2 10.7 100 0.5 0 0
767.9 10.7 100 0.3 0 0
767.9 10.4 100 0.7 0 0
767.9 10.3 100 0.4 0 0
767.9 9.8 100 0.7 0 0
768.2 9.7 100 0.5 0 0
768.5 9.5 100 0.8 0 0
769.2 9.1 100 1.2 0 0
769.6 9 100 0.7 0 0
770.1 9.6 99 0.9 0 0
770.4 10.1 96 0.8 0 0
770.4 10.9 91 0.7 0 0.2
770.1 10.7 95 0.8 0 0
769.5 10.8 92 0.9 0 0
768.6 12.1 79 1.3 0 0.4
767.9 11.4 93 0.6 0 0.4
767.7 11.9 93 1 0 0.3
767.9 10.4 98 0.3 0 0
768.3 10.3 100 1 0 0
768.4 9.4 99 0.8 0 0
768.7 8.3 98 1.2 0 0
768.8 9.5 96 0.6 0 0
769 10 95 0.6 0 0
769.5 11.3 91 0.5 0 0.1
769.9 11.6 91 0.4 0 0
769.9 12.2 93 0.7 0 0
769.4 12.8 85 0.8 0 0
768.9 12.3 90 1 0 0
768.5 11.5 94 1.2 0 0
767.8 11.9 93 0.6 0 0
767.7 11.6 96 0.3 0 0
767.9 11.1 95 0.2 0 0
768.3 10.5 96 0.9 0 0
768.5 10 96 0.9 0 0
768.9 9.7 97 1 0.5 0
766.2 9.8 100 0.6 0.5 0
766.6 10.1 100 0.6 0 0
767.1 10.6 100 1 0.5 0
767.2 11.2 100 1.3 0 0
767 11.4 100 1.2 0 0
766.4 11.7 100 0.6 0.5 0
765.9 11.8 100 1.4 0 0
765.3 11.7 100 1.4 0 0
764.7 11.7 100 1.2 0 0
764.4 11.5 100 0.7 0 0
764.9 11.3 100 1.8 3 0
764.9 11 100 1.1 1 0
765.2 10.7 100 1.1 2 0
765.4 10.5 100 0.6 1.5 0
764.7 9.4 100 0.4 0 0
765.1 9.4 100 0.9 0.5 0
765.4 10 100 0.6 0 0.2
766 11.2 100 0.5 0 0.1
765.7 11.2 98 1.2 0 0.5
765.4 11.6 99 1.2 0 0.1
764.6 12.7 97 1 0 0
763.9 12.7 90 0.8 0 0.4
763.8 11.5 94 1.3 0 0.1
763.8 10.8 97 1 0 0
763.9 11.5 97 0.6 0 0.3
764.2 10.3 97 1.3 0 0.1
764.6 9.4 89 1.2 0 0
765 9.9 71 1.3 0 0
764.9 7.9 89 1.5 0 0
765.4 8.6 81 1.7 0 0
766 9.2 83 1 0 0.1
766.3 9.7 75 1.6 0 0
766.3 9.2 79 1.6 0 0
765.7 9 88 1.1 0 0
765 9 95 1.6 0 0
764.2 9 98 0.9 0 0
764 9 97 0.9 0 0
764.1 9.5 92 0.7 0 0
764.4 9.1 93 0.8 0 0
764.7 8.5 94 0.7 0 0
765.1 7.5 95 1.9 1 0
765.4 8.1 89 1.3 0 0
764.2 7.4 94 1 0 0
764.7 7.9 93 0.5 0 0
764.9 8.4 93 0.7 0 0.3
765.4 9.8 89 0.8 0 0
765.5 9.8 83 0.7 0 0.1
765.3 9.2 99 0.9 0 0
764.7 10.7 88 1.4 0 0.3
764.2 9.9 82 1.1 0 0.6
764.1 9.5 87 1 0 0.3
764 9.1 92 0.9 0 0
764.1 8.8 89 0.4 0 0
764.3 6.9 94 0.7 0 0
764.7 6.3 97 1.7 0 0
765 5.5 93 1 0 0
765.2 5.3 76 0.8 0 0
765.5 6.2 75 0.7 0 0
766.1 7.1 65 0.6 0 0.5
766.7 9.9 49 1 0 1
766.8 10.9 65 1.3 0 1
766.6 12.1 67 1.1 0 1
766.1 12.3 78 1.3 0 1
765.5 10.6 83 1.1 0 0.8
765 10.5 86 1 0 0.7
765 9.7 88 0.7 0 0.5
765.1 8.9 93 0.6 0 0.3
765.2 7.7 95 1.4 0 0.5
765.6 9 55 1.8 0 0
766 8.6 61 1.8 0 0
766.2 11.5 12 2.8 0 0
766.6 10 23 2 0 0
767.1 9.2 36 1.5 0 0.5
767.7 13.9 25 1.3 0 1
767.7 14.5 34 0.4 0 1
767.3 15.8 30 0.8 0 1
766.6 16.4 41 0.7 0 1
766 14.3 77 0.7 0 1
765.7 14 82 0.9 0 1
765.5 12.7 90 0.5 0 0.5
765.4 11.5 97 1.1 0 0.1
765.5 10.6 94 1.5 0 0.8
765.9 12.2 67 0.8 0 0
766.1 9.8 98 0.3 0 0
766.4 10.5 73 0.8 0 0
766.8 10.9 71 1.8 0 0
767.3 12.7 69 0.6 0 0.5
767.8 14.7 66 1.2 0 1
767.8 16.6 58 0.9 0 1
767.4 17.5 64 0.9 0 1
766.7 16.5 73 0.4 0 1
766.2 16.1 77 1.7 0 1
765.7 15.8 86 0.9 0 0.9
765.5 15.4 86 0.5 0 0.9
765.6 14.7 74 0.3 0 1
765.9 12.5 83 0.6 0 0.8
766.4 12.3 84 0.8 0 0
766.8 12.5 82 0.7 0 0
766.9 10.7 96 0.7 0 0
767.4 10.9 95 0.5 0 0
767.8 12.5 91 0.7 0 0.5
768.2 15.1 83 0.6 0 1
768.4 16 72 1.4 0 1
768.1 16.6 76 1.1 0 1
767.5 15.7 81 1.5 0 0.9
766.9 15.9 79 1.6 0 0.8
766.6 15.7 79 1.1 0 1
766.6 14.9 84 1.3 0 0.8
766.7 13.9 85 1 0 1
767 12.1 90 0.3 0 0.8
767.5 12.6 97 0.6 0 0
768 12.4 98 0.7 0 0
767.2 8.3 87 1.9 0 0
767.6 10 69 1.8 0 0
768.1 11.4 62 0.3 0 0.5
768.7 13.9 65 0.6 0 1
768.9 16 65 0.9 0 1
768.6 16.6 76 0.6 0 1
768 16.6 76 1.1 0 1
767.4 15.2 80 1.2 0 1
767.1 14.7 79 1.1 0 0.9
767 14.7 84 0.8 0 0.9
767 13.2 89 1.2 0 1
767.3 12.1 97 1.5 0 0.4
767.8 11.4 98 1.7 0 0
768.1 10 99 0.6 0 0
768.8 11.1 49 2.2 0 0
769.2 11.3 47 1.5 0 0
769.7 12.1 43 1.5 0 0.5
770.4 14.9 37 1.2 0 1
770.7 16.8 41 0.7 0 1
770.4 16.4 50 0.7 0 1
769.9 16.3 75 1.3 0 1
769.4 14.7 87 0.6 0 0.8
769.1 15 87 0.8 0 0.3
768.9 15 89 0.8 0 0.3
769 13 96 0.4 0 0.7
769.3 10.9 68 0.3 0 0.9
769.8 10.2 56 0.1 0 0
770 11.2 43 0.8 0 0
769.6 8.9 38 0.4 0 0
769.8 9.6 37 1.3 0 0
770.3 11.1 37 1.4 0 0.5
770.7 16.1 25 0.8 0 1
771 16.8 23 1.1 0 1
770.8 17.1 32 0.9 0 1
770.3 16.8 51 1.3 0 1
769.6 15.7 56 1.3 0 1
769 16.5 65 0.9 0 1
768.7 15.2 79 0.7 0 1
768.6 14.4 85 0.8 0 1
768.8 12 85 0.1 0 0.9
769.2 11.3 87 1.1 0 0
769.5 10.8 93 0.8 0 0
768.1 13.9 22 2.4 0 0
768.6 12.7 24 2 0 0
769.1 13.3 34 1.2 0 0.4
769.4 15.6 30 0.6 0 1
769.3 17.4 24 1.2 0 1
768.9 18 30 1.3 0 1
768 17.9 29 1.3 0 1
767.4 15.7 57 1.1 0 1
767 15.4 72 0.4 0 1
766.8 14.1 79 0.3 0 1
766.9 12.7 91 0.6 0 1
767.1 11.2 55 0.5 0 0.9
767.4 11.6 35 1.6 0 0
767.7 9.6 51 1.1 0 0
767 8 64 1.4 0 0
767.6 6.8 72 0.2 0 0
768 9.1 68 0.6 0 0.4
768.4 11.3 58 1.6 0 1
768.5 12.9 57 1.3 0 1
768.4 13.1 58 1.7 0 1
767.9 14.1 65 0.9 0 1
767.2 13.6 69 1.1 0 1
766.9 12.8 83 1.1 0 0.8
766.7 11.4 90 0.9 0 0.5
766.8 10.8 92 0.9 0 0.1
767.2 9.6 93 0.9 0 0.1
767.4 9.2 98 0.7 0 0
767.8 9.4 80 2.6 0 0
